name	size	covered	sum	mean0	mean 
CRE_1	1023	1023	432346	422.626	422.626
CRE_2	966	966	227159	235.154	235.154
CRE_3	703	703	2234.35	3.1783	3.1783
CRE_4	1453	1453	9402.88	6.47135	6.47135
CRE_5	928	928	0	0	0
CRE_6	769	769	35470.3	46.1253	46.1253
CRE_7	1212	1212	86953.4	71.7438	71.7438
CRE_8	979	979	104083	106.316	106.316
CRE_9	806	806	0	0	0
CRE_10	1639	1639	98311.3	59.9825	59.9825
CRE_11	304	304	139740	459.67	459.67
CRE_12	740	740	111624	150.844	150.844
CRE_13	1078	1078	29325.8	27.2039	27.2039
CRE_14	231	231	16012.8	69.3196	69.3196
CRE_15	1149	1149	6703.04	5.8338	5.8338
CRE_16	243	243	7540.92	31.0326	31.0326
CRE_17	1025	1025	110042	107.358	107.358
CRE_18	885	885	18340.3	20.7235	20.7235
CRE_19	59	59	0	0	0
CRE_20	1356	1356	119817	88.3607	88.3607
CRE_21	266	266	2979.13	11.1997	11.1997
CRE_22	1766	1766	88349.9	50.0283	50.0283
CRE_23	367	367	5120.38	13.952	13.952
CRE_24	1349	1349	187406	138.922	138.922
CRE_25	1570	1570	107249	68.3113	68.3113
CRE_26	1137	1137	94959.9	83.5179	83.5179
CRE_27	1130	1130	108366	95.899	95.899
CRE_28	681	681	243171	357.08	357.08
CRE_29	1054	1054	0	0	0
CRE_30	1268	1268	53624.4	42.2905	42.2905
CRE_31	1838	1838	19829.8	10.7888	10.7888
CRE_32	825	825	17595.5	21.3279	21.3279
CRE_33	658	658	18154.1	27.5898	27.5898
CRE_34	707	707	33980.8	48.0633	48.0633
CRE_35	475	475	48317.8	101.722	101.722
CRE_36	1607	1607	39008	24.2738	24.2738
CRE_37	874	874	11544.1	13.2084	13.2084
CRE_38	1250	1250	131268	105.014	105.014
CRE_39	1432	1432	60048.1	41.933	41.933
CRE_40	368	368	15454.2	41.9952	41.9952
CRE_41	766	766	0	0	0
CRE_42	761	761	125403	164.787	164.787
CRE_43	1781	1781	231255	129.846	129.846
CRE_44	107	107	1396.47	13.0511	13.0511
CRE_45	1087	1087	0	0	0
CRE_46	1107	1107	15826.6	14.2969	14.2969
CRE_47	514	514	0	0	0
CRE_48	1430	1430	85184.6	59.5696	59.5696
CRE_49	782	782	121679	155.6	155.6
CRE_50	1162	1162	51296.9	44.1454	44.1454
CRE_51	1364	1364	537733	394.232	394.232
CRE_52	1378	1378	55719	40.4347	40.4347
CRE_53	954	954	0	0	0
CRE_54	453	453	23646.8	52.2005	52.2005
CRE_55	1360	1360	478988	352.197	352.197
CRE_56	435	435	165900	381.38	381.38
CRE_57	1638	1638	3.48046e+06	2124.82	2124.82
CRE_58	673	673	56417.2	83.8295	83.8295
CRE_59	526	526	640233	1217.17	1217.17
CRE_60	1484	1484	2.66986e+06	1799.1	1799.1
CRE_61	1209	1209	0	0	0
CRE_62	693	693	176607	254.843	254.843
CRE_63	555	555	144022	259.499	259.499
CRE_64	806	806	11916.5	14.7848	14.7848
CRE_65	1139	1139	76712.5	67.3508	67.3508
CRE_66	832	832	86115.5	103.504	103.504
CRE_67	874	874	61165.3	69.9832	69.9832
CRE_68	928	928	363919	392.154	392.154
CRE_69	907	907	129313	142.572	142.572
CRE_70	966	966	84067.2	87.0261	87.0261
CRE_71	1376	1376	58558.6	42.5571	42.5571
CRE_72	565	565	326215	577.371	577.371
CRE_73	357	357	0	0	0
CRE_74	1131	1131	145698	128.822	128.822
CRE_75	403	403	0	0	0
CRE_76	1532	1532	106970	69.8235	69.8235
CRE_77	1304	1304	145326	111.446	111.446
CRE_78	993	993	0	0	0
CRE_79	1214	1214	0	0	0
CRE_80	989	989	1303.37	1.31787	1.31787
CRE_81	1811	1811	0	0	0
CRE_82	1152	1152	0	0	0
CRE_83	319	319	7261.63	22.7637	22.7637
CRE_84	1627	1627	16199	9.95637	9.95637
CRE_85	1155	1155	2886.03	2.49873	2.49873
CRE_86	714	714	19364.3	27.1209	27.1209
CRE_87	954	954	37611.5	39.4251	39.4251
CRE_88	1341	1341	26626	19.8553	19.8553
CRE_89	667	667	0	0	0
CRE_90	1028	1028	73640.4	71.6347	71.6347
CRE_91	1007	1007	0	0	0
CRE_92	201	201	10333.9	51.4122	51.4122
CRE_93	1552	1552	32025.6	20.6351	20.6351
CRE_94	1166	1166	9123.58	7.82469	7.82469
CRE_95	540	540	52227.8	96.7182	96.7182
CRE_96	736	736	22157.3	30.105	30.105
CRE_97	1445	1445	17130	11.8547	11.8547
CRE_98	961	961	36959.8	38.4598	38.4598
CRE_99	1844	1844	180796	98.0455	98.0455
CRE_100	946	946	72150.9	76.2694	76.2694
CRE_101	224	224	14057.8	62.7579	62.7579
CRE_102	300	300	0	0	0
CRE_103	1934	1934	0	0	0
CRE_104	368	368	17316.2	47.0549	47.0549
CRE_105	1519	1519	70009.6	46.0893	46.0893
CRE_106	932	932	0	0	0
CRE_107	856	856	0	0	0
CRE_108	1299	1299	0	0	0
CRE_109	715	715	0	0	0
CRE_110	763	763	43011.3	56.3712	56.3712
CRE_111	1287	1287	48597.1	37.7599	37.7599
CRE_112	1291	1291	106132	82.2088	82.2088
CRE_113	713	713	92446.2	129.658	129.658
CRE_114	827	827	0	0	0
CRE_115	217	217	16292.1	75.0789	75.0789
CRE_116	918	918	0	0	0
CRE_117	1024	1024	0	0	0
CRE_118	728	728	177258	243.487	243.487
CRE_119	1489	1489	175117	117.607	117.607
CRE_120	1613	1613	141323	87.6147	87.6147
CRE_121	1421	1421	38914.9	27.3856	27.3856
CRE_122	1080	1080	0	0	0
CRE_123	1496	1496	0	0	0
CRE_124	225	225	0	0	0
CRE_125	1027	1027	21133.2	20.5776	20.5776
CRE_126	1783	1783	0	0	0
CRE_127	1823	1823	112462	61.6907	61.6907
CRE_128	1366	1366	89932.6	65.8364	65.8364
CRE_129	1394	1394	12288.9	8.81557	8.81557
CRE_130	1873	1873	107900	57.6083	57.6083
CRE_131	290	290	1955.05	6.74156	6.74156
CRE_132	232	232	0	0	0
CRE_133	458	458	130896	285.798	285.798
CRE_134	1023	1023	20481.5	20.021	20.021
CRE_135	1275	1275	37332.2	29.2802	29.2802
CRE_136	1309	1309	129033	98.5741	98.5741
CRE_137	1661	1661	0	0	0
CRE_138	734	734	0	0	0
Mb21d2_control	1000	1000	1.80554e+06	1805.54	1805.54
Fgf12_control	1000	1000	1.51368e+06	1513.68	1513.68
Wnt3_control	1000	1000	1.64197e+06	1641.97	1641.97
Zic3_promoter	1000	1000	23926.1	23.9261	23.9261
Rnf12_promoter	1000	1000	0	0	0
