name	size	covered	sum	mean0	mean 
CRE_1	1023	1023	488888	477.897	477.897
CRE_2	966	966	231871	240.032	240.032
CRE_3	703	703	2260.32	3.21525	3.21525
CRE_4	1453	1453	34564.1	23.7881	23.7881
CRE_5	928	928	17894.2	19.2825	19.2825
CRE_6	769	769	77698.5	101.038	101.038
CRE_7	1212	1212	56508	46.6238	46.6238
CRE_8	979	979	137597	140.549	140.549
CRE_9	806	806	85703.8	106.332	106.332
CRE_10	1639	1639	35788.4	21.8355	21.8355
CRE_11	304	304	119703	393.759	393.759
CRE_12	740	740	92955.7	125.616	125.616
CRE_13	1078	1078	0	0	0
CRE_14	231	231	30891	133.727	133.727
CRE_15	1149	1149	82501.7	71.803	71.803
CRE_16	243	243	0	0	0
CRE_17	1025	1025	44264.6	43.185	43.185
CRE_18	885	885	20154.5	22.7735	22.7735
CRE_19	59	59	0	0	0
CRE_20	1356	1356	0	0	0
CRE_21	266	266	7251.86	27.2626	27.2626
CRE_22	1766	1766	174798	98.9797	98.9797
CRE_23	367	367	11113.2	30.2813	30.2813
CRE_24	1349	1349	54812.8	40.6321	40.6321
CRE_25	1570	1570	119797	76.3038	76.3038
CRE_26	1137	1137	52458.3	46.1374	46.1374
CRE_27	1130	1130	121021	107.098	107.098
CRE_28	681	681	68186.3	100.127	100.127
CRE_29	1054	1054	9794.72	9.2929	9.2929
CRE_30	1268	1268	71200.1	56.1515	56.1515
CRE_31	1838	1838	0	0	0
CRE_32	825	825	0	0	0
CRE_33	658	658	53117.5	80.7257	80.7257
CRE_34	707	707	12996.8	18.3831	18.3831
CRE_35	475	475	43793.7	92.1973	92.1973
CRE_36	1607	1607	38331.3	23.8527	23.8527
CRE_37	874	874	17234.9	19.7196	19.7196
CRE_38	1250	1250	109343	87.4744	87.4744
CRE_39	1432	1432	47937.6	33.476	33.476
CRE_40	368	368	0	0	0
CRE_41	766	766	0	0	0
CRE_42	761	761	14315.4	18.8112	18.8112
CRE_43	1781	1781	133924	75.1959	75.1959
CRE_44	107	107	0	0	0
CRE_45	1087	1087	0	0	0
CRE_46	1107	1107	65172.6	58.8731	58.8731
CRE_47	514	514	0	0	0
CRE_48	1430	1430	0	0	0
CRE_49	782	782	124977	159.817	159.817
CRE_50	1162	1162	118667	102.123	102.123
CRE_51	1364	1364	492467	361.046	361.046
CRE_52	1378	1378	0	0	0
CRE_53	954	954	0	0	0
CRE_54	453	453	11301.6	24.9483	24.9483
CRE_55	1360	1360	413356	303.938	303.938
CRE_56	435	435	67527.1	155.235	155.235
CRE_57	1638	1638	2.45734e+06	1500.21	1500.21
CRE_58	673	673	60746.1	90.2617	90.2617
CRE_59	526	526	389811	741.086	741.086
CRE_60	1484	1484	1.4208e+06	957.412	957.412
CRE_61	1209	1209	5556.62	4.59605	4.59605
CRE_62	693	693	145602	210.104	210.104
CRE_63	555	555	42381	76.3622	76.3622
CRE_64	806	806	10171.4	12.6197	12.6197
CRE_65	1139	1139	0	0	0
CRE_66	832	832	22885.7	27.5069	27.5069
CRE_67	874	874	14315.4	16.3791	16.3791
CRE_68	928	928	313149	337.445	337.445
CRE_69	907	907	20625.4	22.7403	22.7403
CRE_70	966	966	80241.4	83.0656	83.0656
CRE_71	1376	1376	21002.1	15.2632	15.2632
CRE_72	565	565	57073.1	101.014	101.014
CRE_73	357	357	36447.7	102.094	102.094
CRE_74	1131	1131	3296.3	2.9145	2.9145
CRE_75	403	403	21943.9	54.4515	54.4515
CRE_76	1532	1532	0	0	0
CRE_77	1304	1304	76285.8	58.5014	58.5014
CRE_78	993	993	0	0	0
CRE_79	1214	1214	0	0	0
CRE_80	989	989	15351.3	15.5221	15.5221
CRE_81	1811	1811	0	0	0
CRE_82	1152	1152	0	0	0
CRE_83	319	319	0	0	0
CRE_84	1627	1627	0	0	0
CRE_85	1155	1155	9323.82	8.07257	8.07257
CRE_86	714	714	0	0	0
CRE_87	954	954	0	0	0
CRE_88	1341	1341	17988.4	13.4142	13.4142
CRE_89	667	667	0	0	0
CRE_90	1028	1028	39932.3	38.8447	38.8447
CRE_91	1007	1007	33716.4	33.4821	33.4821
CRE_92	201	201	23262.5	115.734	115.734
CRE_93	1552	1552	45677.3	29.4313	29.4313
CRE_94	1166	1166	17234.9	14.7813	14.7813
CRE_95	540	540	6027.52	11.1621	11.1621
CRE_96	736	736	0	0	0
CRE_97	1445	1445	26370.4	18.2494	18.2494
CRE_98	961	961	57261.4	59.5853	59.5853
CRE_99	1844	1844	2260.32	1.22577	1.22577
CRE_100	946	946	97947.2	103.538	103.538
CRE_101	224	224	0	0	0
CRE_102	300	300	17988.4	59.9613	59.9613
CRE_103	1934	1934	0	0	0
CRE_104	368	368	129309	351.384	351.384
CRE_105	1519	1519	52835	34.7827	34.7827
CRE_106	932	932	20154.5	21.625	21.625
CRE_107	856	856	34469.9	40.2686	40.2686
CRE_108	1299	1299	0	0	0
CRE_109	715	715	14221.2	19.8898	19.8898
CRE_110	763	763	90130.3	118.126	118.126
CRE_111	1287	1287	155209	120.597	120.597
CRE_112	1291	1291	103598	80.2463	80.2463
CRE_113	713	713	211057	296.013	296.013
CRE_114	827	827	0	0	0
CRE_115	217	217	0	0	0
CRE_116	918	918	59992.7	65.3515	65.3515
CRE_117	1024	1024	15822.2	15.4514	15.4514
CRE_118	728	728	92390.6	126.91	126.91
CRE_119	1489	1489	140987	94.686	94.686
CRE_120	1613	1613	185723	115.141	115.141
CRE_121	1421	1421	0	0	0
CRE_122	1080	1080	0	0	0
CRE_123	1496	1496	0	0	0
CRE_124	225	225	0	0	0
CRE_125	1027	1027	0	0	0
CRE_126	1783	1783	9418	5.28211	5.28211
CRE_127	1823	1823	79582.1	43.6545	43.6545
CRE_128	1366	1366	165568	121.207	121.207
CRE_129	1394	1394	19495.3	13.9851	13.9851
CRE_130	1873	1873	93238.2	49.7801	49.7801
CRE_131	290	290	24675.2	85.0868	85.0868
CRE_132	232	232	0	0	0
CRE_133	458	458	0	0	0
CRE_134	1023	1023	87587.4	85.6182	85.6182
CRE_135	1275	1275	0	0	0
CRE_136	1309	1309	77981	59.573	59.573
CRE_137	1661	1661	0	0	0
CRE_138	734	734	0	0	0
Mb21d2_control	1000	1000	1.7751e+06	1775.1	1775.1
Fgf12_control	1000	1000	994447	994.447	994.447
Wnt3_control	1000	1000	1.54502e+06	1545.02	1545.02
Zic3_promoter	1000	1000	130157	130.157	130.157
Rnf12_promoter	1000	1000	0	0	0
