name	size	covered	sum	mean0	mean 
CRE_1	1023	1023	288916	282.421	282.421
CRE_2	966	966	163557	169.314	169.314
CRE_3	703	703	0	0	0
CRE_4	1453	1453	8001.64	5.50698	5.50698
CRE_5	928	928	25243.3	27.2018	27.2018
CRE_6	769	769	35721.6	46.452	46.452
CRE_7	1212	1212	34197.5	28.2157	28.2157
CRE_8	979	979	129360	132.135	132.135
CRE_9	806	806	0	0	0
CRE_10	1639	1639	77349.2	47.1929	47.1929
CRE_11	304	304	168415	553.998	553.998
CRE_12	740	740	254719	344.215	344.215
CRE_13	1078	1078	20004.1	18.5567	18.5567
CRE_14	231	231	40579.7	175.67	175.67
CRE_15	1149	1149	33149.6	28.8508	28.8508
CRE_16	243	243	0	0	0
CRE_17	1025	1025	22385.5	21.8395	21.8395
CRE_18	885	885	23623.9	26.6936	26.6936
CRE_19	59	59	0	0	0
CRE_20	1356	1356	46771.5	34.4922	34.4922
CRE_21	266	266	18194.2	68.3993	68.3993
CRE_22	1766	1766	324828	183.934	183.934
CRE_23	367	367	18384.7	50.0946	50.0946
CRE_24	1349	1349	108213	80.2169	80.2169
CRE_25	1570	1570	63536.8	40.4693	40.4693
CRE_26	1137	1137	112880	99.279	99.279
CRE_27	1130	1130	94209.7	83.3714	83.3714
CRE_28	681	681	57440.3	84.347	84.347
CRE_29	1054	1054	0	0	0
CRE_30	1268	1268	66966	52.8123	52.8123
CRE_31	1838	1838	19337.3	10.5208	10.5208
CRE_32	825	825	0	0	0
CRE_33	658	658	0	0	0
CRE_34	707	707	9335.24	13.204	13.204
CRE_35	475	475	0	0	0
CRE_36	1607	1607	44961.6	27.9786	27.9786
CRE_37	874	874	36007.4	41.1984	41.1984
CRE_38	1250	1250	138695	110.956	110.956
CRE_39	1432	1432	57154.6	39.9124	39.9124
CRE_40	368	368	68204.4	185.338	185.338
CRE_41	766	766	35435.8	46.2609	46.2609
CRE_42	761	761	85350.8	112.156	112.156
CRE_43	1781	1781	78873.3	44.2859	44.2859
CRE_44	107	107	0	0	0
CRE_45	1087	1087	66680.3	61.3434	61.3434
CRE_46	1107	1107	20575.6	18.5868	18.5868
CRE_47	514	514	13907.6	27.0576	27.0576
CRE_48	1430	1430	82588.3	57.7541	57.7541
CRE_49	782	782	126502	161.767	161.767
CRE_50	1162	1162	80778.4	69.5167	69.5167
CRE_51	1364	1364	706144	517.701	517.701
CRE_52	1378	1378	113452	82.3307	82.3307
CRE_53	954	954	43056.4	45.1325	45.1325
CRE_54	453	453	49533.9	109.346	109.346
CRE_55	1360	1360	501817	368.983	368.983
CRE_56	435	435	90018.4	206.939	206.939
CRE_57	1638	1638	2.39439e+06	1461.78	1461.78
CRE_58	673	673	103926	154.422	154.422
CRE_59	526	526	307872	585.309	585.309
CRE_60	1484	1484	1.16262e+06	783.435	783.435
CRE_61	1209	1209	70300.1	58.1473	58.1473
CRE_62	693	693	248432	358.487	358.487
CRE_63	555	555	399987	720.697	720.697
CRE_64	806	806	65632.4	81.4298	81.4298
CRE_65	1139	1139	100592	88.3161	88.3161
CRE_66	832	832	38484.1	46.2549	46.2549
CRE_67	874	874	56202	64.3043	64.3043
CRE_68	928	928	381983	411.619	411.619
CRE_69	907	907	31625.5	34.8682	34.8682
CRE_70	966	966	24481.2	25.3429	25.3429
CRE_71	1376	1376	110404	80.2351	80.2351
CRE_72	565	565	192039	339.892	339.892
CRE_73	357	357	27624.7	77.3801	77.3801
CRE_74	1131	1131	179084	158.342	158.342
CRE_75	403	403	4762.88	11.8186	11.8186
CRE_76	1532	1532	70681.1	46.1365	46.1365
CRE_77	1304	1304	64013.1	49.0898	49.0898
CRE_78	993	993	0	0	0
CRE_79	1214	1214	0	0	0
CRE_80	989	989	0	0	0
CRE_81	1811	1811	39150.8	21.6184	21.6184
CRE_82	1152	1152	0	0	0
CRE_83	319	319	0	0	0
CRE_84	1627	1627	43342.2	26.6393	26.6393
CRE_85	1155	1155	93352.4	80.8246	80.8246
CRE_86	714	714	0	0	0
CRE_87	954	954	62012.7	65.0028	65.0028
CRE_88	1341	1341	71347.9	53.205	53.205
CRE_89	667	667	38674.6	57.9829	57.9829
CRE_90	1028	1028	123644	120.277	120.277
CRE_91	1007	1007	0	0	0
CRE_92	201	201	0	0	0
CRE_93	1552	1552	155556	100.229	100.229
CRE_94	1166	1166	0	0	0
CRE_95	540	540	32387.6	59.977	59.977
CRE_96	736	736	68871.2	93.575	93.575
CRE_97	1445	1445	42294.4	29.2695	29.2695
CRE_98	961	961	73634.1	76.6224	76.6224
CRE_99	1844	1844	59821.8	32.4413	32.4413
CRE_100	946	946	79254.3	83.7783	83.7783
CRE_101	224	224	0	0	0
CRE_102	300	300	52772.7	175.909	175.909
CRE_103	1934	1934	0	0	0
CRE_104	368	368	34673.7	94.2221	94.2221
CRE_105	1519	1519	204708	134.765	134.765
CRE_106	932	932	28101	30.1513	30.1513
CRE_107	856	856	0	0	0
CRE_108	1299	1299	22099.8	17.0129	17.0129
CRE_109	715	715	0	0	0
CRE_110	763	763	102688	134.584	134.584
CRE_111	1287	1287	26767.4	20.7983	20.7983
CRE_112	1291	1291	110308	85.4441	85.4441
CRE_113	713	713	209757	294.19	294.19
CRE_114	827	827	67537.6	81.6658	81.6658
CRE_115	217	217	6001.23	27.6554	27.6554
CRE_116	918	918	0	0	0
CRE_117	1024	1024	44199.5	43.1636	43.1636
CRE_118	728	728	59631.2	81.911	81.911
CRE_119	1489	1489	239573	160.895	160.895
CRE_120	1613	1613	128122	79.4306	79.4306
CRE_121	1421	1421	46866.7	32.9815	32.9815
CRE_122	1080	1080	0	0	0
CRE_123	1496	1496	90018.4	60.1727	60.1727
CRE_124	225	225	0	0	0
CRE_125	1027	1027	45628.4	44.4288	44.4288
CRE_126	1783	1783	43151.7	24.2017	24.2017
CRE_127	1823	1823	192801	105.76	105.76
CRE_128	1366	1366	148316	108.577	108.577
CRE_129	1394	1394	0	0	0
CRE_130	1873	1873	105164	56.1475	56.1475
CRE_131	290	290	36769.4	126.791	126.791
CRE_132	232	232	26862.6	115.787	115.787
CRE_133	458	458	34292.7	74.875	74.875
CRE_134	1023	1023	213091	208.3	208.3
CRE_135	1275	1275	0	0	0
CRE_136	1309	1309	21147.2	16.1552	16.1552
CRE_137	1661	1661	0	0	0
CRE_138	734	734	8096.9	11.0312	11.0312
Mb21d2_control	1000	1000	1.85819e+06	1858.19	1858.19
Fgf12_control	1000	1000	1.06565e+06	1065.65	1065.65
Wnt3_control	1000	1000	2.29113e+06	2291.13	2291.13
Zic3_promoter	1000	1000	59440.7	59.4407	59.4407
Rnf12_promoter	1000	1000	22576.1	22.5761	22.5761
