name	size	covered	sum	mean0	mean 
CRE_1	1023	1023	328830	321.437	321.437
CRE_2	966	966	368582	381.555	381.555
CRE_3	703	703	17777	25.2873	25.2873
CRE_4	1453	1453	14471.7	9.95989	9.95989
CRE_5	928	928	0	0	0
CRE_6	769	769	33320.7	43.3299	43.3299
CRE_7	1212	1212	0	0	0
CRE_8	979	979	76289.1	77.9256	77.9256
CRE_9	806	806	34303.3	42.56	42.56
CRE_10	1639	1639	90760.9	55.3758	55.3758
CRE_11	304	304	173214	569.783	569.783
CRE_12	740	740	127476	172.265	172.265
CRE_13	1078	1078	3037.27	2.81751	2.81751
CRE_14	231	231	33231.3	143.859	143.859
CRE_15	1149	1149	58333.5	50.7689	50.7689
CRE_16	243	243	0	0	0
CRE_17	1025	1025	37072.6	36.1684	36.1684
CRE_18	885	885	0	0	0
CRE_19	59	59	0	0	0
CRE_20	1356	1356	50561.7	37.2874	37.2874
CRE_21	266	266	32874	123.586	123.586
CRE_22	1766	1766	167854	95.0476	95.0476
CRE_23	367	367	7414.52	20.2031	20.2031
CRE_24	1349	1349	71420.6	52.9434	52.9434
CRE_25	1570	1570	116220	74.0257	74.0257
CRE_26	1137	1137	161154	141.736	141.736
CRE_27	1130	1130	66552	58.8956	58.8956
CRE_28	681	681	206892	303.806	303.806
CRE_29	1054	1054	15186.4	14.4083	14.4083
CRE_30	1268	1268	38948.6	30.7165	30.7165
CRE_31	1838	1838	16169	8.79707	8.79707
CRE_32	825	825	0	0	0
CRE_33	658	658	0	0	0
CRE_34	707	707	0	0	0
CRE_35	475	475	27514.1	57.9245	57.9245
CRE_36	1607	1607	74681.2	46.4724	46.4724
CRE_37	874	874	47256.4	54.0691	54.0691
CRE_38	1250	1250	115684	92.5475	92.5475
CRE_39	1432	1432	3483.93	2.43291	2.43291
CRE_40	368	368	93172.8	253.187	253.187
CRE_41	766	766	55653.6	72.6548	72.6548
CRE_42	761	761	31176.7	40.9681	40.9681
CRE_43	1781	1781	140518	78.8986	78.8986
CRE_44	107	107	0	0	0
CRE_45	1087	1087	34035.3	31.3113	31.3113
CRE_46	1107	1107	25816.8	23.3214	23.3214
CRE_47	514	514	76557.1	148.944	148.944
CRE_48	1430	1430	31355.4	21.9268	21.9268
CRE_49	782	782	165353	211.449	211.449
CRE_50	1162	1162	95316.8	82.0283	82.0283
CRE_51	1364	1364	401010	293.995	293.995
CRE_52	1378	1378	72358.6	52.5098	52.5098
CRE_53	954	954	17151.7	17.9787	17.9787
CRE_54	453	453	96656.8	213.37	213.37
CRE_55	1360	1360	332581	244.545	244.545
CRE_56	435	435	293365	674.402	674.402
CRE_57	1638	1638	4.12078e+06	2515.74	2515.74
CRE_58	673	673	120151	178.53	178.53
CRE_59	526	526	728857	1385.66	1385.66
CRE_60	1484	1484	2.43857e+06	1643.24	1643.24
CRE_61	1209	1209	112647	93.1738	93.1738
CRE_62	693	693	188400	271.862	271.862
CRE_63	555	555	102017	183.814	183.814
CRE_64	806	806	5895.89	7.31499	7.31499
CRE_65	1139	1139	54581.6	47.9206	47.9206
CRE_66	832	832	0	0	0
CRE_67	874	874	0	0	0
CRE_68	928	928	360453	388.419	388.419
CRE_69	907	907	82274.4	90.7104	90.7104
CRE_70	966	966	103089	106.717	106.717
CRE_71	1376	1376	12774.4	9.28373	9.28373
CRE_72	565	565	305157	540.1	540.1
CRE_73	357	357	62710.7	175.66	175.66
CRE_74	1131	1131	142037	125.586	125.586
CRE_75	403	403	20278.3	50.3183	50.3183
CRE_76	1532	1532	40556.5	26.4729	26.4729
CRE_77	1304	1304	120330	92.2773	92.2773
CRE_78	993	993	0	0	0
CRE_79	1214	1214	0	0	0
CRE_80	989	989	7503.85	7.58731	7.58731
CRE_81	1811	1811	20010.3	11.0493	11.0493
CRE_82	1152	1152	5359.9	4.65269	4.65269
CRE_83	319	319	23494.2	73.6496	73.6496
CRE_84	1627	1627	17419.7	10.7066	10.7066
CRE_85	1155	1155	30104.7	26.0647	26.0647
CRE_86	714	714	0	0	0
CRE_87	954	954	5717.22	5.9929	5.9929
CRE_88	1341	1341	0	0	0
CRE_89	667	667	0	0	0
CRE_90	1028	1028	59941.5	58.3088	58.3088
CRE_91	1007	1007	1518.64	1.50808	1.50808
CRE_92	201	201	0	0	0
CRE_93	1552	1552	37251.3	24.0021	24.0021
CRE_94	1166	1166	15722.3	13.484	13.484
CRE_95	540	540	18223.6	33.7475	33.7475
CRE_96	736	736	0	0	0
CRE_97	1445	1445	0	0	0
CRE_98	961	961	136945	142.503	142.503
CRE_99	1844	1844	18491.6	10.028	10.028
CRE_100	946	946	10541.1	11.1428	11.1428
CRE_101	224	224	0	0	0
CRE_102	300	300	0	0	0
CRE_103	1934	1934	11791.8	6.09709	6.09709
CRE_104	368	368	0	0	0
CRE_105	1519	1519	23762.2	15.6433	15.6433
CRE_106	932	932	9379.82	10.0642	10.0642
CRE_107	856	856	2054.63	2.40026	2.40026
CRE_108	1299	1299	0	0	0
CRE_109	715	715	14114.4	19.7404	19.7404
CRE_110	763	763	70304	92.1415	92.1415
CRE_111	1287	1287	21082.3	16.3809	16.3809
CRE_112	1291	1291	77986.4	60.4078	60.4078
CRE_113	713	713	215825	302.7	302.7
CRE_114	827	827	24923.5	30.1373	30.1373
CRE_115	217	217	8307.84	38.285	38.285
CRE_116	918	918	13846.4	15.0832	15.0832
CRE_117	1024	1024	15097	14.7432	14.7432
CRE_118	728	728	37429.9	51.4147	51.4147
CRE_119	1489	1489	204212	137.147	137.147
CRE_120	1613	1613	136499	84.6241	84.6241
CRE_121	1421	1421	19474.3	13.7046	13.7046
CRE_122	1080	1080	0	0	0
CRE_123	1496	1496	54402.9	36.3656	36.3656
CRE_124	225	225	0	0	0
CRE_125	1027	1027	0	0	0
CRE_126	1783	1783	45737.7	25.6521	25.6521
CRE_127	1823	1823	77182.5	42.3382	42.3382
CRE_128	1366	1366	174911	128.046	128.046
CRE_129	1394	1394	56278.9	40.3722	40.3722
CRE_130	1873	1873	35018	18.6962	18.6962
CRE_131	290	290	25638.2	88.4074	88.4074
CRE_132	232	232	0	0	0
CRE_133	458	458	32606	71.1922	71.1922
CRE_134	1023	1023	130067	127.142	127.142
CRE_135	1275	1275	28050.1	22.0001	22.0001
CRE_136	1309	1309	158832	121.338	121.338
CRE_137	1661	1661	0	0	0
CRE_138	734	734	0	0	0
Mb21d2_control	1000	1000	1.94189e+06	1941.89	1941.89
Fgf12_control	1000	1000	1.42529e+06	1425.29	1425.29
Wnt3_control	1000	1000	1.72946e+06	1729.46	1729.46
Zic3_promoter	1000	1000	29836.8	29.8368	29.8368
Rnf12_promoter	1000	1000	0	0	0
