name	size	covered	sum	mean0	mean 
CRE_1	1023	1023	472735	462.107	462.107
CRE_2	966	966	199710	206.739	206.739
CRE_3	703	703	0	0	0
CRE_4	1453	1453	34658.3	23.853	23.853
CRE_5	928	928	17813.9	19.196	19.196
CRE_6	769	769	34658.3	45.0694	45.0694
CRE_7	1212	1212	25448.4	20.9971	20.9971
CRE_8	979	979	163112	166.611	166.611
CRE_9	806	806	50048.6	62.095	62.095
CRE_10	1639	1639	123001	75.0462	75.0462
CRE_11	304	304	138149	454.436	454.436
CRE_12	740	740	224310	303.121	303.121
CRE_13	1078	1078	0	0	0
CRE_14	231	231	39626.8	171.545	171.545
CRE_15	1149	1149	116093	101.039	101.039
CRE_16	243	243	20843.5	85.7756	85.7756
CRE_17	1025	1025	56834.8	55.4486	55.4486
CRE_18	885	885	0	0	0
CRE_19	59	59	0	0	0
CRE_20	1356	1356	73921.6	54.5145	54.5145
CRE_21	266	266	29932.2	112.527	112.527
CRE_22	1766	1766	162022	91.745	91.745
CRE_23	367	367	0	0	0
CRE_24	1349	1349	224189	166.189	166.189
CRE_25	1570	1570	120577	76.8007	76.8007
CRE_26	1137	1137	241033	211.99	211.99
CRE_27	1130	1130	138633	122.684	122.684
CRE_28	681	681	26781.4	39.3266	39.3266
CRE_29	1054	1054	36597.3	34.7223	34.7223
CRE_30	1268	1268	94765.1	74.7359	74.7359
CRE_31	1838	1838	75497	41.0756	41.0756
CRE_32	825	825	0	0	0
CRE_33	658	658	43383.5	65.9324	65.9324
CRE_34	707	707	0	0	0
CRE_35	475	475	67741.3	142.613	142.613
CRE_36	1607	1607	179351	111.606	111.606
CRE_37	874	874	3635.49	4.1596	4.1596
CRE_38	1250	1250	171959	137.567	137.567
CRE_39	1432	1432	30901.7	21.5794	21.5794
CRE_40	368	368	44837.7	121.842	121.842
CRE_41	766	766	0	0	0
CRE_42	761	761	145904	191.727	191.727
CRE_43	1781	1781	65681.2	36.8788	36.8788
CRE_44	107	107	0	0	0
CRE_45	1087	1087	81192.6	74.6942	74.6942
CRE_46	1107	1107	3271.94	2.95568	2.95568
CRE_47	514	514	18662.2	36.3077	36.3077
CRE_48	1430	1430	31628.8	22.118	22.118
CRE_49	782	782	124940	159.769	159.769
CRE_50	1162	1162	422565	363.653	363.653
CRE_51	1364	1364	479279	351.377	351.377
CRE_52	1378	1378	63863.4	46.345	46.345
CRE_53	954	954	146268	153.321	153.321
CRE_54	453	453	12239.5	27.0187	27.0187
CRE_55	1360	1360	408023	300.017	300.017
CRE_56	435	435	185774	427.066	427.066
CRE_57	1638	1638	3.87567e+06	2366.1	2366.1
CRE_58	673	673	204678	304.128	304.128
CRE_59	526	526	669657	1273.11	1273.11
CRE_60	1484	1484	2.13343e+06	1437.62	1437.62
CRE_61	1209	1209	55623	46.0074	46.0074
CRE_62	693	693	211464	305.143	305.143
CRE_63	555	555	145177	261.581	261.581
CRE_64	806	806	27266.2	33.829	33.829
CRE_65	1139	1139	135240	118.736	118.736
CRE_66	832	832	48594.4	58.4067	58.4067
CRE_67	874	874	27266.2	31.197	31.197
CRE_68	928	928	312895	337.171	337.171
CRE_69	907	907	105308	116.106	116.106
CRE_70	966	966	66529.5	68.8711	68.8711
CRE_71	1376	1376	109913	79.8786	79.8786
CRE_72	565	565	42777.6	75.7126	75.7126
CRE_73	357	357	0	0	0
CRE_74	1131	1131	94038	83.1459	83.1459
CRE_75	403	403	6059.15	15.0351	15.0351
CRE_76	1532	1532	60833.9	39.7088	39.7088
CRE_77	1304	1304	116578	89.4003	89.4003
CRE_78	993	993	0	0	0
CRE_79	1214	1214	192923	158.915	158.915
CRE_80	989	989	18056.3	18.2571	18.2571
CRE_81	1811	1811	64469.4	35.5988	35.5988
CRE_82	1152	1152	41323.4	35.871	35.871
CRE_83	319	319	70165	219.953	219.953
CRE_84	1627	1627	94522.7	58.0963	58.0963
CRE_85	1155	1155	21328.2	18.466	18.466
CRE_86	714	714	0	0	0
CRE_87	954	954	37809.1	39.6322	39.6322
CRE_88	1341	1341	0	0	0
CRE_89	667	667	0	0	0
CRE_90	1028	1028	104096	101.261	101.261
CRE_91	1007	1007	0	0	0
CRE_92	201	201	21570.6	107.316	107.316
CRE_93	1552	1552	21570.6	13.8986	13.8986
CRE_94	1166	1166	84949.3	72.8553	72.8553
CRE_95	540	540	26539.1	49.1464	49.1464
CRE_96	736	736	0	0	0
CRE_97	1445	1445	23146	16.018	16.018
CRE_98	961	961	43504.7	45.2702	45.2702
CRE_99	1844	1844	214252	116.188	116.188
CRE_100	946	946	112094	118.493	118.493
CRE_101	224	224	46776.6	208.824	208.824
CRE_102	300	300	21449.4	71.498	71.498
CRE_103	1934	1934	0	0	0
CRE_104	368	368	0	0	0
CRE_105	1519	1519	71134.4	46.8298	46.8298
CRE_106	932	932	2181.29	2.34044	2.34044
CRE_107	856	856	33204.1	38.7899	38.7899
CRE_108	1299	1299	25569.6	19.6841	19.6841
CRE_109	715	715	0	0	0
CRE_110	763	763	109307	143.26	143.26
CRE_111	1287	1287	95855.8	74.48	74.48
CRE_112	1291	1291	0	0	0
CRE_113	713	713	288779	405.02	405.02
CRE_114	827	827	33810.1	40.8828	40.8828
CRE_115	217	217	0	0	0
CRE_116	918	918	15996.2	17.425	17.425
CRE_117	1024	1024	0	0	0
CRE_118	728	728	50412.1	69.2474	69.2474
CRE_119	1489	1489	272056	182.71	182.71
CRE_120	1613	1613	165778	102.776	102.776
CRE_121	1421	1421	86282.3	60.7194	60.7194
CRE_122	1080	1080	50048.6	46.3413	46.3413
CRE_123	1496	1496	45322.4	30.2957	30.2957
CRE_124	225	225	0	0	0
CRE_125	1027	1027	63015.2	61.3585	61.3585
CRE_126	1783	1783	0	0	0
CRE_127	1823	1823	10542.9	5.78328	5.78328
CRE_128	1366	1366	256787	187.984	187.984
CRE_129	1394	1394	86282.3	61.8955	61.8955
CRE_130	1873	1873	131847	70.3935	70.3935
CRE_131	290	290	12118.3	41.7872	41.7872
CRE_132	232	232	0	0	0
CRE_133	458	458	98158.2	214.319	214.319
CRE_134	1023	1023	37566.7	36.7221	36.7221
CRE_135	1275	1275	87978.9	69.003	69.003
CRE_136	1309	1309	66408.3	50.7321	50.7321
CRE_137	1661	1661	30053.4	18.0935	18.0935
CRE_138	734	734	27023.8	36.8172	36.8172
Mb21d2_control	1000	1000	1.72043e+06	1720.43	1720.43
Fgf12_control	1000	1000	1.35228e+06	1352.28	1352.28
Wnt3_control	1000	1000	1.38864e+06	1388.64	1388.64
Zic3_promoter	1000	1000	56471.3	56.4713	56.4713
Rnf12_promoter	1000	1000	46534.3	46.5343	46.5343
