name	size	covered	sum	mean0	mean 
CRE_1	1023	1023	438923	429.054	429.054
CRE_2	966	966	351973	364.361	364.361
CRE_3	703	703	20458.7	29.102	29.102
CRE_4	1453	1453	52294.9	35.991	35.991
CRE_5	928	928	0	0	0
CRE_6	769	769	0	0	0
CRE_7	1212	1212	0	0	0
CRE_8	979	979	106782	109.072	109.072
CRE_9	806	806	0	0	0
CRE_10	1639	1639	66386.3	40.5042	40.5042
CRE_11	304	304	141645	465.938	465.938
CRE_12	740	740	71709.7	96.9051	96.9051
CRE_13	1078	1078	34445.7	31.9534	31.9534
CRE_14	231	231	68787.1	297.78	297.78
CRE_15	1149	1149	0	0	0
CRE_16	243	243	0	0	0
CRE_17	1025	1025	10229.3	9.97984	9.97984
CRE_18	885	885	37159.6	41.9883	41.9883
CRE_19	59	59	0	0	0
CRE_20	1356	1356	134547	99.2236	99.2236
CRE_21	266	266	55948.2	210.332	210.332
CRE_22	1766	1766	141436	80.0885	80.0885
CRE_23	367	367	18788.6	51.195	51.195
CRE_24	1349	1349	258447	191.584	191.584
CRE_25	1570	1570	68160.8	43.4145	43.4145
CRE_26	1137	1137	36637.7	32.2232	32.2232
CRE_27	1130	1130	120143	106.321	106.321
CRE_28	681	681	90080.8	132.277	132.277
CRE_29	1054	1054	0	0	0
CRE_30	1268	1268	29957.3	23.6257	23.6257
CRE_31	1838	1838	52816.8	28.736	28.736
CRE_32	825	825	17327.2	21.0027	21.0027
CRE_33	658	658	31523.1	47.9074	47.9074
CRE_34	707	707	50520.4	71.4574	71.4574
CRE_35	475	475	0	0	0
CRE_36	1607	1607	126092	78.4644	78.4644
CRE_37	874	874	19414.9	22.2138	22.2138
CRE_38	1250	1250	153231	122.585	122.585
CRE_39	1432	1432	16805.3	11.7356	11.7356
CRE_40	368	368	0	0	0
CRE_41	766	766	16283.4	21.2577	21.2577
CRE_42	761	761	22337.5	29.3529	29.3529
CRE_43	1781	1781	96239.3	54.0367	54.0367
CRE_44	107	107	0	0	0
CRE_45	1087	1087	36846.5	33.8974	33.8974
CRE_46	1107	1107	55426.3	50.0689	50.0689
CRE_47	514	514	22441.9	43.6613	43.6613
CRE_48	1430	1430	103337	72.2638	72.2638
CRE_49	782	782	47597.7	60.8667	60.8667
CRE_50	1162	1162	99057.6	85.2475	85.2475
CRE_51	1364	1364	407086	298.45	298.45
CRE_52	1378	1378	19832.4	14.3922	14.3922
CRE_53	954	954	100101	104.928	104.928
CRE_54	453	453	37785.9	83.4126	83.4126
CRE_55	1360	1360	438088	322.123	322.123
CRE_56	435	435	143211	329.221	329.221
CRE_57	1638	1638	2.59742e+06	1585.73	1585.73
CRE_58	673	673	163670	243.194	243.194
CRE_59	526	526	370553	704.474	704.474
CRE_60	1484	1484	1.5535e+06	1046.84	1046.84
CRE_61	1209	1209	137052	113.36	113.36
CRE_62	693	693	156154	225.331	225.331
CRE_63	555	555	70979.1	127.89	127.89
CRE_64	806	806	0	0	0
CRE_65	1139	1139	32566.9	28.5925	28.5925
CRE_66	832	832	37159.6	44.663	44.663
CRE_67	874	874	0	0	0
CRE_68	928	928	132564	142.849	142.849
CRE_69	907	907	65968.8	72.733	72.733
CRE_70	966	966	93316.6	96.6011	96.6011
CRE_71	1376	1376	186529	135.559	135.559
CRE_72	565	565	0	0	0
CRE_73	357	357	13360.8	37.4251	37.4251
CRE_74	1131	1131	51668.6	45.684	45.684
CRE_75	403	403	0	0	0
CRE_76	1532	1532	20145.5	13.1498	13.1498
CRE_77	1304	1304	175986	134.959	134.959
CRE_78	993	993	13360.8	13.455	13.455
CRE_79	1214	1214	10646.9	8.77007	8.77007
CRE_80	989	989	16179.1	16.359	16.359
CRE_81	1811	1811	49998.5	27.6082	27.6082
CRE_82	1152	1152	0	0	0
CRE_83	319	319	0	0	0
CRE_84	1627	1627	17118.5	10.5215	10.5215
CRE_85	1155	1155	32045	27.7446	27.7446
CRE_86	714	714	0	0	0
CRE_87	954	954	17640.4	18.491	18.491
CRE_88	1341	1341	13047.6	9.72977	9.72977
CRE_89	667	667	6993.53	10.485	10.485
CRE_90	1028	1028	48641.5	47.3167	47.3167
CRE_91	1007	1007	21189.3	21.042	21.042
CRE_92	201	201	19310.5	96.0721	96.0721
CRE_93	1552	1552	0	0	0
CRE_94	1166	1166	0	0	0
CRE_95	540	540	29226.7	54.1235	54.1235
CRE_96	736	736	0	0	0
CRE_97	1445	1445	0	0	0
CRE_98	961	961	19519.2	20.3114	20.3114
CRE_99	1844	1844	12943.2	7.01911	7.01911
CRE_100	946	946	62941.7	66.5346	66.5346
CRE_101	224	224	0	0	0
CRE_102	300	300	0	0	0
CRE_103	1934	1934	0	0	0
CRE_104	368	368	17640.4	47.9358	47.9358
CRE_105	1519	1519	82565.4	54.3551	54.3551
CRE_106	932	932	15865.9	17.0235	17.0235
CRE_107	856	856	15761.5	18.413	18.413
CRE_108	1299	1299	25260.2	19.4459	19.4459
CRE_109	715	715	0	0	0
CRE_110	763	763	9916.19	12.9963	12.9963
CRE_111	1287	1287	78494.5	60.9903	60.9903
CRE_112	1291	1291	30583.6	23.6899	23.6899
CRE_113	713	713	74110.5	103.942	103.942
CRE_114	827	827	31731.8	38.3698	38.3698
CRE_115	217	217	12943.2	59.6463	59.6463
CRE_116	918	918	39456	42.9804	42.9804
CRE_117	1024	1024	13465.1	13.1496	13.1496
CRE_118	728	728	23590.1	32.404	32.404
CRE_119	1489	1489	82982.9	55.7306	55.7306
CRE_120	1613	1613	63463.6	39.3451	39.3451
CRE_121	1421	1421	13047.6	9.182	9.182
CRE_122	1080	1080	52608	48.7111	48.7111
CRE_123	1496	1496	28913.5	19.3272	19.3272
CRE_124	225	225	0	0	0
CRE_125	1027	1027	0	0	0
CRE_126	1783	1783	55530.7	31.1445	31.1445
CRE_127	1823	1823	120038	65.8465	65.8465
CRE_128	1366	1366	468462	342.945	342.945
CRE_129	1394	1394	105216	75.4778	75.4778
CRE_130	1873	1873	33610.7	17.9448	17.9448
CRE_131	290	290	0	0	0
CRE_132	232	232	0	0	0
CRE_133	458	458	37577.2	82.0464	82.0464
CRE_134	1023	1023	0	0	0
CRE_135	1275	1275	4697.14	3.68404	3.68404
CRE_136	1309	1309	126405	96.5664	96.5664
CRE_137	1661	1661	0	0	0
CRE_138	734	734	4905.91	6.6838	6.6838
Mb21d2_control	1000	1000	1.86414e+06	1864.14	1864.14
Fgf12_control	1000	1000	1.13306e+06	1133.06	1133.06
Wnt3_control	1000	1000	1.23973e+06	1239.73	1239.73
Zic3_promoter	1000	1000	110227	110.227	110.227
Rnf12_promoter	1000	1000	22546.3	22.5463	22.5463
