name	size	covered	sum	mean0	mean 
CRE_1	1023	1023	697.318	0.68164	0.68164
CRE_2	966	966	279.76	0.289607	0.289607
CRE_3	703	703	0	0	0
CRE_4	1453	1453	253.381	0.174385	0.174385
CRE_5	928	928	0	0	0
CRE_6	769	769	0	0	0
CRE_7	1212	1212	130.161	0.107394	0.107394
CRE_8	979	979	76.0142	0.0776448	0.0776448
CRE_9	806	806	122.178	0.151586	0.151586
CRE_10	1639	1639	0	0	0
CRE_11	304	304	158.97	0.522929	0.522929
CRE_12	740	740	69.4194	0.09381	0.09381
CRE_13	1078	1078	0	0	0
CRE_14	231	231	0	0	0
CRE_15	1149	1149	74.2788	0.0646464	0.0646464
CRE_16	243	243	0	0	0
CRE_17	1025	1025	0	0	0
CRE_18	885	885	0	0	0
CRE_19	59	59	0	0	0
CRE_20	1356	1356	276.289	0.203753	0.203753
CRE_21	266	266	4.51226	0.0169634	0.0169634
CRE_22	1766	1766	513.703	0.290885	0.290885
CRE_23	367	367	0	0	0
CRE_24	1349	1349	600.131	0.444871	0.444871
CRE_25	1570	1570	705.301	0.449237	0.449237
CRE_26	1137	1137	124.955	0.109899	0.109899
CRE_27	1130	1130	228.043	0.201808	0.201808
CRE_28	681	681	460.251	0.675845	0.675845
CRE_29	1054	1054	0	0	0
CRE_30	1268	1268	0	0	0
CRE_31	1838	1838	0	0	0
CRE_32	825	825	0	0	0
CRE_33	658	658	0	0	0
CRE_34	707	707	0	0	0
CRE_35	475	475	17.7019	0.0372672	0.0372672
CRE_36	1607	1607	57.271	0.0356385	0.0356385
CRE_37	874	874	0	0	0
CRE_38	1250	1250	985.755	0.788604	0.788604
CRE_39	1432	1432	177.714	0.124102	0.124102
CRE_40	368	368	0	0	0
CRE_41	766	766	107.6	0.14047	0.14047
CRE_42	761	761	170.425	0.223948	0.223948
CRE_43	1781	1781	338.767	0.190212	0.190212
CRE_44	107	107	0	0	0
CRE_45	1087	1087	0	0	0
CRE_46	1107	1107	0	0	0
CRE_47	514	514	0	0	0
CRE_48	1430	1430	204.787	0.143208	0.143208
CRE_49	782	782	139.88	0.178875	0.178875
CRE_50	1162	1162	65.9484	0.0567542	0.0567542
CRE_51	1364	1364	849.346	0.622688	0.622688
CRE_52	1378	1378	124.955	0.0906785	0.0906785
CRE_53	954	954	86.7743	0.0909583	0.0909583
CRE_54	453	453	0	0	0
CRE_55	1360	1360	532.1	0.39125	0.39125
CRE_56	435	435	932.997	2.14482	2.14482
CRE_57	1638	1638	7171.38	4.37813	4.37813
CRE_58	673	673	740.011	1.09957	1.09957
CRE_59	526	526	581.735	1.10596	1.10596
CRE_60	1484	1484	2974.62	2.00446	2.00446
CRE_61	1209	1209	237.414	0.196373	0.196373
CRE_62	693	693	0	0	0
CRE_63	555	555	191.945	0.345846	0.345846
CRE_64	806	806	274.207	0.340207	0.340207
CRE_65	1139	1139	260.323	0.228554	0.228554
CRE_66	832	832	0	0	0
CRE_67	874	874	0	0	0
CRE_68	928	928	687.947	0.741322	0.741322
CRE_69	907	907	91.9807	0.101412	0.101412
CRE_70	966	966	76.3613	0.079049	0.079049
CRE_71	1376	1376	246.439	0.179098	0.179098
CRE_72	565	565	1150.28	2.03589	2.03589
CRE_73	357	357	200.622	0.561967	0.561967
CRE_74	1131	1131	0	0	0
CRE_75	403	403	95.1046	0.235992	0.235992
CRE_76	1532	1532	170.078	0.111017	0.111017
CRE_77	1304	1304	167.301	0.128298	0.128298
CRE_78	993	993	0	0	0
CRE_79	1214	1214	0	0	0
CRE_80	989	989	0	0	0
CRE_81	1811	1811	0	0	0
CRE_82	1152	1152	0	0	0
CRE_83	319	319	0	0	0
CRE_84	1627	1627	0	0	0
CRE_85	1155	1155	0	0	0
CRE_86	714	714	0	0	0
CRE_87	954	954	0	0	0
CRE_88	1341	1341	0	0	0
CRE_89	667	667	0	0	0
CRE_90	1028	1028	0	0	0
CRE_91	1007	1007	0	0	0
CRE_92	201	201	14.231	0.0708009	0.0708009
CRE_93	1552	1552	0	0	0
CRE_94	1166	1166	31.2387	0.0267914	0.0267914
CRE_95	540	540	83.3033	0.154265	0.154265
CRE_96	736	736	0	0	0
CRE_97	1445	1445	0	0	0
CRE_98	961	961	93.022	0.0967971	0.0967971
CRE_99	1844	1844	0	0	0
CRE_100	946	946	0	0	0
CRE_101	224	224	0	0	0
CRE_102	300	300	0	0	0
CRE_103	1934	1934	149.252	0.0771726	0.0771726
CRE_104	368	368	0	0	0
CRE_105	1519	1519	0	0	0
CRE_106	932	932	0	0	0
CRE_107	856	856	0	0	0
CRE_108	1299	1299	136.409	0.105011	0.105011
CRE_109	715	715	0	0	0
CRE_110	763	763	312.04	0.408965	0.408965
CRE_111	1287	1287	128.426	0.099787	0.099787
CRE_112	1291	1291	201.316	0.155938	0.155938
CRE_113	713	713	96.493	0.135334	0.135334
CRE_114	827	827	0	0	0
CRE_115	217	217	0	0	0
CRE_116	918	918	59.0065	0.0642772	0.0642772
CRE_117	1024	1024	152.723	0.149143	0.149143
CRE_118	728	728	149.252	0.205016	0.205016
CRE_119	1489	1489	204.787	0.137533	0.137533
CRE_120	1613	1613	0	0	0
CRE_121	1421	1421	0	0	0
CRE_122	1080	1080	0	0	0
CRE_123	1496	1496	107.6	0.0719252	0.0719252
CRE_124	225	225	0	0	0
CRE_125	1027	1027	93.3691	0.0909144	0.0909144
CRE_126	1783	1783	0	0	0
CRE_127	1823	1823	152.723	0.0837755	0.0837755
CRE_128	1366	1366	428.318	0.313556	0.313556
CRE_129	1394	1394	0	0	0
CRE_130	1873	1873	65.9484	0.0352101	0.0352101
CRE_131	290	290	0	0	0
CRE_132	232	232	161.053	0.694194	0.694194
CRE_133	458	458	281.843	0.615377	0.615377
CRE_134	1023	1023	1097.52	1.07285	1.07285
CRE_135	1275	1275	472.053	0.370237	0.370237
CRE_136	1309	1309	214.506	0.16387	0.16387
CRE_137	1661	1661	0	0	0
CRE_138	734	734	0	0	0
Mb21d2_control	1000	1000	6213.04	6.21304	6.21304
Fgf12_control	1000	1000	2762.89	2.76289	2.76289
Wnt3_control	1000	1000	5506.7	5.5067	5.5067
Zic3_promoter	1000	1000	97.1872	0.0971872	0.0971872
Rnf12_promoter	1000	1000	0	0	0
