name	size	covered	sum	mean0	mean 
CRE_1	1023	1023	332.487	0.325012	0.325012
CRE_2	966	966	165.443	0.171266	0.171266
CRE_3	703	703	0	0	0
CRE_4	1453	1453	0	0	0
CRE_5	928	928	0	0	0
CRE_6	769	769	1.33422	0.00173501	0.00173501
CRE_7	1212	1212	0	0	0
CRE_8	979	979	137.425	0.140372	0.140372
CRE_9	806	806	0	0	0
CRE_10	1639	1639	0	0	0
CRE_11	304	304	0	0	0
CRE_12	740	740	80.0531	0.10818	0.10818
CRE_13	1078	1078	0	0	0
CRE_14	231	231	53.3688	0.231034	0.231034
CRE_15	1149	1149	0	0	0
CRE_16	243	243	0	0	0
CRE_17	1025	1025	0	0	0
CRE_18	885	885	173.448	0.195987	0.195987
CRE_19	59	59	0	0	0
CRE_20	1356	1356	58.7057	0.0432933	0.0432933
CRE_21	266	266	98.4653	0.37017	0.37017
CRE_22	1766	1766	259.906	0.147172	0.147172
CRE_23	367	367	26.6844	0.0727095	0.0727095
CRE_24	1349	1349	0	0	0
CRE_25	1570	1570	72.0479	0.0458904	0.0458904
CRE_26	1137	1137	90.7269	0.079795	0.079795
CRE_27	1130	1130	0	0	0
CRE_28	681	681	0	0	0
CRE_29	1054	1054	26.6844	0.0253173	0.0253173
CRE_30	1268	1268	114.743	0.0904911	0.0904911
CRE_31	1838	1838	108.339	0.0589438	0.0589438
CRE_32	825	825	0	0	0
CRE_33	658	658	0	0	0
CRE_34	707	707	0	0	0
CRE_35	475	475	0	0	0
CRE_36	1607	1607	0	0	0
CRE_37	874	874	0	0	0
CRE_38	1250	1250	192.127	0.153702	0.153702
CRE_39	1432	1432	44.2961	0.030933	0.030933
CRE_40	368	368	58.7057	0.159526	0.159526
CRE_41	766	766	56.0372	0.0731557	0.0731557
CRE_42	761	761	0	0	0
CRE_43	1781	1781	111.541	0.0626282	0.0626282
CRE_44	107	107	0	0	0
CRE_45	1087	1087	0	0	0
CRE_46	1107	1107	0	0	0
CRE_47	514	514	41.3608	0.0804685	0.0804685
CRE_48	1430	1430	0	0	0
CRE_49	782	782	373.581	0.477725	0.477725
CRE_50	1162	1162	39.7598	0.0342167	0.0342167
CRE_51	1364	1364	104.069	0.076297	0.076297
CRE_52	1378	1378	276.717	0.200811	0.200811
CRE_53	954	954	0	0	0
CRE_54	453	453	11.2074	0.0247405	0.0247405
CRE_55	1360	1360	42.695	0.0313934	0.0313934
CRE_56	435	435	227.35	0.522645	0.522645
CRE_57	1638	1638	1411.07	0.861458	0.861458
CRE_58	673	673	0	0	0
CRE_59	526	526	125.683	0.238942	0.238942
CRE_60	1484	1484	600.132	0.404401	0.404401
CRE_61	1209	1209	112.608	0.0931416	0.0931416
CRE_62	693	693	0	0	0
CRE_63	555	555	42.695	0.076928	0.076928
CRE_64	806	806	135.823	0.168515	0.168515
CRE_65	1139	1139	48.0319	0.0421703	0.0421703
CRE_66	832	832	0	0	0
CRE_67	874	874	0	0	0
CRE_68	928	928	108.605	0.117032	0.117032
CRE_69	907	907	26.6844	0.0294205	0.0294205
CRE_70	966	966	56.0372	0.0580096	0.0580096
CRE_71	1376	1376	110.74	0.0804798	0.0804798
CRE_72	565	565	0	0	0
CRE_73	357	357	82.7215	0.231713	0.231713
CRE_74	1131	1131	109.406	0.0967337	0.0967337
CRE_75	403	403	0	0	0
CRE_76	1532	1532	0	0	0
CRE_77	1304	1304	184.122	0.141198	0.141198
CRE_78	993	993	0	0	0
CRE_79	1214	1214	0	0	0
CRE_80	989	989	0	0	0
CRE_81	1811	1811	0	0	0
CRE_82	1152	1152	0	0	0
CRE_83	319	319	0	0	0
CRE_84	1627	1627	242.828	0.149249	0.149249
CRE_85	1155	1155	112.074	0.0970342	0.0970342
CRE_86	714	714	0	0	0
CRE_87	954	954	56.0372	0.0587392	0.0587392
CRE_88	1341	1341	66.711	0.0497472	0.0497472
CRE_89	667	667	0	0	0
CRE_90	1028	1028	77.3848	0.075277	0.075277
CRE_91	1007	1007	44.0293	0.0437232	0.0437232
CRE_92	201	201	26.9512	0.134086	0.134086
CRE_93	1552	1552	68.312	0.0440155	0.0440155
CRE_94	1166	1166	50.7004	0.0434823	0.0434823
CRE_95	540	540	24.016	0.044474	0.044474
CRE_96	736	736	0	0	0
CRE_97	1445	1445	0	0	0
CRE_98	961	961	0	0	0
CRE_99	1844	1844	0	0	0
CRE_100	946	946	125.417	0.132576	0.132576
CRE_101	224	224	7.47163	0.0333555	0.0333555
CRE_102	300	300	0	0	0
CRE_103	1934	1934	0	0	0
CRE_104	368	368	183.588	0.498881	0.498881
CRE_105	1519	1519	212.941	0.140185	0.140185
CRE_106	932	932	101.401	0.108799	0.108799
CRE_107	856	856	0	0	0
CRE_108	1299	1299	0	0	0
CRE_109	715	715	0	0	0
CRE_110	763	763	280.186	0.367216	0.367216
CRE_111	1287	1287	184.122	0.143063	0.143063
CRE_112	1291	1291	123.282	0.0954932	0.0954932
CRE_113	713	713	48.0319	0.0673659	0.0673659
CRE_114	827	827	74.7163	0.0903462	0.0903462
CRE_115	217	217	38.1587	0.175847	0.175847
CRE_116	918	918	0	0	0
CRE_117	1024	1024	104.069	0.10163	0.10163
CRE_118	728	728	83.5222	0.114728	0.114728
CRE_119	1489	1489	77.1179	0.0517918	0.0517918
CRE_120	1613	1613	162.775	0.100914	0.100914
CRE_121	1421	1421	146.764	0.103282	0.103282
CRE_122	1080	1080	0	0	0
CRE_123	1496	1496	0	0	0
CRE_124	225	225	0	0	0
CRE_125	1027	1027	26.6844	0.0259829	0.0259829
CRE_126	1783	1783	22.4149	0.0125715	0.0125715
CRE_127	1823	1823	49.8998	0.0273724	0.0273724
CRE_128	1366	1366	0.533688	0.000390694	0.000390694
CRE_129	1394	1394	0	0	0
CRE_130	1873	1873	0	0	0
CRE_131	290	290	82.7215	0.285247	0.285247
CRE_132	232	232	35.4903	0.152975	0.152975
CRE_133	458	458	687.389	1.50085	1.50085
CRE_134	1023	1023	173.982	0.17007	0.17007
CRE_135	1275	1275	0	0	0
CRE_136	1309	1309	17.078	0.0130466	0.0130466
CRE_137	1661	1661	0	0	0
CRE_138	734	734	0	0	0
Mb21d2_control	1000	1000	4791.18	4.79118	4.79118
Fgf12_control	1000	1000	2727.14	2.72714	2.72714
Wnt3_control	1000	1000	3581.04	3.58104	3.58104
Zic3_promoter	1000	1000	286.323	0.286323	0.286323
Rnf12_promoter	1000	1000	154.769	0.154769	0.154769
