name	size	covered	sum	mean0	mean 
CRE_1	1023	1023	415.671	0.406325	0.406325
CRE_2	966	966	695.191	0.719659	0.719659
CRE_3	703	703	0.849174	0.00120793	0.00120793
CRE_4	1453	1453	60.8575	0.041884	0.041884
CRE_5	928	928	59.4422	0.0640541	0.0640541
CRE_6	769	769	0	0	0
CRE_7	1212	1212	0	0	0
CRE_8	979	979	43.874	0.0448151	0.0448151
CRE_9	806	806	16.9835	0.0210713	0.0210713
CRE_10	1639	1639	18.8234	0.0114847	0.0114847
CRE_11	304	304	90.2955	0.297025	0.297025
CRE_12	740	740	99.0703	0.133879	0.133879
CRE_13	1078	1078	5.3781	0.00498896	0.00498896
CRE_14	231	231	0	0	0
CRE_15	1149	1149	0	0	0
CRE_16	243	243	0	0	0
CRE_17	1025	1025	0	0	0
CRE_18	885	885	15.5682	0.0175912	0.0175912
CRE_19	59	59	0	0	0
CRE_20	1356	1356	0	0	0
CRE_21	266	266	0	0	0
CRE_22	1766	1766	168.703	0.0955281	0.0955281
CRE_23	367	367	0	0	0
CRE_24	1349	1349	31.1364	0.0230811	0.0230811
CRE_25	1570	1570	113.223	0.0721167	0.0721167
CRE_26	1137	1137	26.8905	0.0236504	0.0236504
CRE_27	1130	1130	0	0	0
CRE_28	681	681	0	0	0
CRE_29	1054	1054	0	0	0
CRE_30	1268	1268	0	0	0
CRE_31	1838	1838	100.486	0.0546712	0.0546712
CRE_32	825	825	18.3988	0.0223015	0.0223015
CRE_33	658	658	0	0	0
CRE_34	707	707	0	0	0
CRE_35	475	475	0	0	0
CRE_36	1607	1607	21.5124	0.0133867	0.0133867
CRE_37	874	874	33.4008	0.0382161	0.0382161
CRE_38	1250	1250	23.0692	0.0184554	0.0184554
CRE_39	1432	1432	15.5682	0.0108716	0.0108716
CRE_40	368	368	11.6054	0.0315364	0.0315364
CRE_41	766	766	0	0	0
CRE_42	761	761	31.1364	0.0409151	0.0409151
CRE_43	1781	1781	0	0	0
CRE_44	107	107	0	0	0
CRE_45	1087	1087	0	0	0
CRE_46	1107	1107	83.5021	0.075431	0.075431
CRE_47	514	514	0	0	0
CRE_48	1430	1430	0	0	0
CRE_49	782	782	0	0	0
CRE_50	1162	1162	12.5961	0.01084	0.01084
CRE_51	1364	1364	114.638	0.0840458	0.0840458
CRE_52	1378	1378	465.914	0.338109	0.338109
CRE_53	954	954	0	0	0
CRE_54	453	453	0	0	0
CRE_55	1360	1360	123.13	0.0905369	0.0905369
CRE_56	435	435	0	0	0
CRE_57	1638	1638	329.763	0.20132	0.20132
CRE_58	673	673	0	0	0
CRE_59	526	526	30.4287	0.0578493	0.0578493
CRE_60	1484	1484	123.13	0.0829718	0.0829718
CRE_61	1209	1209	62.2728	0.0515077	0.0515077
CRE_62	693	693	0	0	0
CRE_63	555	555	0	0	0
CRE_64	806	806	0	0	0
CRE_65	1139	1139	0	0	0
CRE_66	832	832	0	0	0
CRE_67	874	874	0	0	0
CRE_68	928	928	9.48244	0.0102181	0.0102181
CRE_69	907	907	0	0	0
CRE_70	966	966	57.3192	0.0593367	0.0593367
CRE_71	1376	1376	0	0	0
CRE_72	565	565	23.9184	0.0423335	0.0423335
CRE_73	357	357	36.7975	0.103074	0.103074
CRE_74	1131	1131	84.9174	0.0750817	0.0750817
CRE_75	403	403	0	0	0
CRE_76	1532	1532	42.4587	0.0277146	0.0277146
CRE_77	1304	1304	25.4752	0.0195362	0.0195362
CRE_78	993	993	35.3822	0.0356317	0.0356317
CRE_79	1214	1214	0	0	0
CRE_80	989	989	0	0	0
CRE_81	1811	1811	0	0	0
CRE_82	1152	1152	0	0	0
CRE_83	319	319	28.3058	0.0887329	0.0887329
CRE_84	1627	1627	79.2562	0.0487131	0.0487131
CRE_85	1155	1155	0	0	0
CRE_86	714	714	0	0	0
CRE_87	954	954	69.3492	0.0726931	0.0726931
CRE_88	1341	1341	128.791	0.0960413	0.0960413
CRE_89	667	667	0	0	0
CRE_90	1028	1028	108.977	0.106009	0.106009
CRE_91	1007	1007	0	0	0
CRE_92	201	201	0	0	0
CRE_93	1552	1552	0	0	0
CRE_94	1166	1166	0	0	0
CRE_95	540	540	0	0	0
CRE_96	736	736	0	0	0
CRE_97	1445	1445	32.5517	0.0225271	0.0225271
CRE_98	961	961	0	0	0
CRE_99	1844	1844	45.2893	0.0245603	0.0245603
CRE_100	946	946	0	0	0
CRE_101	224	224	0	0	0
CRE_102	300	300	0	0	0
CRE_103	1934	1934	32.5517	0.0168313	0.0168313
CRE_104	368	368	0	0	0
CRE_105	1519	1519	160.211	0.105471	0.105471
CRE_106	932	932	12.1715	0.0130595	0.0130595
CRE_107	856	856	51.092	0.0596869	0.0596869
CRE_108	1299	1299	0	0	0
CRE_109	715	715	0	0	0
CRE_110	763	763	16.1343	0.0211459	0.0211459
CRE_111	1287	1287	283.058	0.219936	0.219936
CRE_112	1291	1291	120.866	0.0936218	0.0936218
CRE_113	713	713	93.5507	0.131207	0.131207
CRE_114	827	827	0	0	0
CRE_115	217	217	60.8575	0.280449	0.280449
CRE_116	918	918	32.5517	0.0354593	0.0354593
CRE_117	1024	1024	18.3988	0.0179675	0.0179675
CRE_118	728	728	128.933	0.177106	0.177106
CRE_119	1489	1489	26.3244	0.0176792	0.0176792
CRE_120	1613	1613	0	0	0
CRE_121	1421	1421	46.7046	0.0328674	0.0328674
CRE_122	1080	1080	0	0	0
CRE_123	1496	1496	0	0	0
CRE_124	225	225	0	0	0
CRE_125	1027	1027	12.7376	0.0124027	0.0124027
CRE_126	1783	1783	0	0	0
CRE_127	1823	1823	76.0011	0.0416901	0.0416901
CRE_128	1366	1366	34.25	0.0250732	0.0250732
CRE_129	1394	1394	35.3822	0.0253818	0.0253818
CRE_130	1873	1873	65.1033	0.0347589	0.0347589
CRE_131	290	290	9.19938	0.031722	0.031722
CRE_132	232	232	0	0	0
CRE_133	458	458	56.8947	0.124224	0.124224
CRE_134	1023	1023	29.7211	0.0290529	0.0290529
CRE_135	1275	1275	0	0	0
CRE_136	1309	1309	80.6715	0.0616284	0.0616284
CRE_137	1661	1661	18.3988	0.0110769	0.0110769
CRE_138	734	734	0	0	0
Mb21d2_control	1000	1000	9520.66	9.52066	9.52066
Fgf12_control	1000	1000	2967.87	2.96787	2.96787
Wnt3_control	1000	1000	12496.3	12.4963	12.4963
Zic3_promoter	1000	1000	126.385	0.126385	0.126385
Rnf12_promoter	1000	1000	0.424587	0.000424587	0.000424587
