name	size	covered	sum	mean0	mean 
CRE_1	1023	1023	457.958	0.447662	0.447662
CRE_2	966	966	487.223	0.504371	0.504371
CRE_3	703	703	0	0	0
CRE_4	1453	1453	0	0	0
CRE_5	928	928	0	0	0
CRE_6	769	769	0	0	0
CRE_7	1212	1212	0	0	0
CRE_8	979	979	216.628	0.221274	0.221274
CRE_9	806	806	0	0	0
CRE_10	1639	1639	72.2091	0.0440568	0.0440568
CRE_11	304	304	113.634	0.373797	0.373797
CRE_12	740	740	0	0	0
CRE_13	1078	1078	0	0	0
CRE_14	231	231	0	0	0
CRE_15	1149	1149	83.6106	0.0727681	0.0727681
CRE_16	243	243	0	0	0
CRE_17	1025	1025	0	0	0
CRE_18	885	885	0	0	0
CRE_19	59	59	0	0	0
CRE_20	1356	1356	159.62	0.117714	0.117714
CRE_21	266	266	0	0	0
CRE_22	1766	1766	72.2091	0.0408885	0.0408885
CRE_23	367	367	0	0	0
CRE_24	1349	1349	125.416	0.0929695	0.0929695
CRE_25	1570	1570	0	0	0
CRE_26	1137	1137	0	0	0
CRE_27	1130	1130	0	0	0
CRE_28	681	681	0	0	0
CRE_29	1054	1054	0	0	0
CRE_30	1268	1268	0	0	0
CRE_31	1838	1838	89.6913	0.0487983	0.0487983
CRE_32	825	825	0	0	0
CRE_33	658	658	0	0	0
CRE_34	707	707	0	0	0
CRE_35	475	475	0	0	0
CRE_36	1607	1607	0	0	0
CRE_37	874	874	0	0	0
CRE_38	1250	1250	0	0	0
CRE_39	1432	1432	0	0	0
CRE_40	368	368	56.2471	0.152845	0.152845
CRE_41	766	766	0	0	0
CRE_42	761	761	102.613	0.13484	0.13484
CRE_43	1781	1781	0	0	0
CRE_44	107	107	0	0	0
CRE_45	1087	1087	0	0	0
CRE_46	1107	1107	0	0	0
CRE_47	514	514	0	0	0
CRE_48	1430	1430	0	0	0
CRE_49	782	782	121.615	0.155518	0.155518
CRE_50	1162	1162	0	0	0
CRE_51	1364	1364	108.314	0.0794089	0.0794089
CRE_52	1378	1378	205.226	0.14893	0.14893
CRE_53	954	954	106.413	0.111544	0.111544
CRE_54	453	453	0	0	0
CRE_55	1360	1360	83.6106	0.0614784	0.0614784
CRE_56	435	435	152.78	0.351218	0.351218
CRE_57	1638	1638	186.224	0.11369	0.11369
CRE_58	673	673	0	0	0
CRE_59	526	526	336.344	0.639437	0.639437
CRE_60	1484	1484	317.341	0.213841	0.213841
CRE_61	1209	1209	269.834	0.223188	0.223188
CRE_62	693	693	133.017	0.191943	0.191943
CRE_63	555	555	0	0	0
CRE_64	806	806	0	0	0
CRE_65	1139	1139	0	0	0
CRE_66	832	832	0	0	0
CRE_67	874	874	0	0	0
CRE_68	928	928	95.012	0.102384	0.102384
CRE_69	907	907	0	0	0
CRE_70	966	966	91.2115	0.0944219	0.0944219
CRE_71	1376	1376	0	0	0
CRE_72	565	565	0	0	0
CRE_73	357	357	0	0	0
CRE_74	1131	1131	68.4086	0.0604851	0.0604851
CRE_75	403	403	0	0	0
CRE_76	1532	1532	0	0	0
CRE_77	1304	1304	0	0	0
CRE_78	993	993	0	0	0
CRE_79	1214	1214	0	0	0
CRE_80	989	989	0	0	0
CRE_81	1811	1811	0	0	0
CRE_82	1152	1152	0	0	0
CRE_83	319	319	79.8101	0.250188	0.250188
CRE_84	1627	1627	0	0	0
CRE_85	1155	1155	0	0	0
CRE_86	714	714	0	0	0
CRE_87	954	954	98.8125	0.103577	0.103577
CRE_88	1341	1341	0	0	0
CRE_89	667	667	0	0	0
CRE_90	1028	1028	163.421	0.158969	0.158969
CRE_91	1007	1007	0	0	0
CRE_92	201	201	0	0	0
CRE_93	1552	1552	54.3469	0.0350173	0.0350173
CRE_94	1166	1166	0	0	0
CRE_95	540	540	0	0	0
CRE_96	736	736	0	0	0
CRE_97	1445	1445	57.0072	0.0394514	0.0394514
CRE_98	961	961	0	0	0
CRE_99	1844	1844	0	0	0
CRE_100	946	946	64.6082	0.0682962	0.0682962
CRE_101	224	224	0	0	0
CRE_102	300	300	92.7317	0.309106	0.309106
CRE_103	1934	1934	0	0	0
CRE_104	368	368	0	0	0
CRE_105	1519	1519	0	0	0
CRE_106	932	932	0	0	0
CRE_107	856	856	0	0	0
CRE_108	1299	1299	0	0	0
CRE_109	715	715	0	0	0
CRE_110	763	763	0	0	0
CRE_111	1287	1287	426.414	0.331324	0.331324
CRE_112	1291	1291	2.66034	0.00206068	0.00206068
CRE_113	713	713	121.616	0.170569	0.170569
CRE_114	827	827	0	0	0
CRE_115	217	217	0	0	0
CRE_116	918	918	0	0	0
CRE_117	1024	1024	99.5726	0.0972388	0.0972388
CRE_118	728	728	85.5108	0.11746	0.11746
CRE_119	1489	1489	0	0	0
CRE_120	1613	1613	0	0	0
CRE_121	1421	1421	0	0	0
CRE_122	1080	1080	0	0	0
CRE_123	1496	1496	0	0	0
CRE_124	225	225	0	0	0
CRE_125	1027	1027	0	0	0
CRE_126	1783	1783	0	0	0
CRE_127	1823	1823	288.836	0.15844	0.15844
CRE_128	1366	1366	0	0	0
CRE_129	1394	1394	0	0	0
CRE_130	1873	1873	0	0	0
CRE_131	290	290	0	0	0
CRE_132	232	232	0	0	0
CRE_133	458	458	0	0	0
CRE_134	1023	1023	144.418	0.141171	0.141171
CRE_135	1275	1275	0	0	0
CRE_136	1309	1309	231.829	0.177104	0.177104
CRE_137	1661	1661	0	0	0
CRE_138	734	734	0	0	0
Mb21d2_control	1000	1000	11277.9	11.2779	11.2779
Fgf12_control	1000	1000	2280.29	2.28029	2.28029
Wnt3_control	1000	1000	12689.8	12.6898	12.6898
Zic3_promoter	1000	1000	190.024	0.190024	0.190024
Rnf12_promoter	1000	1000	0	0	0
