name	size	covered	sum	mean0	mean 
CRE_1	1023	1023	235.73	0.23043	0.23043
CRE_2	966	966	320.104	0.33137	0.33137
CRE_3	703	703	0	0	0
CRE_4	1453	1453	0	0	0
CRE_5	928	928	0	0	0
CRE_6	769	769	0	0	0
CRE_7	1212	1212	0	0	0
CRE_8	979	979	268.9	0.274668	0.274668
CRE_9	806	806	0	0	0
CRE_10	1639	1639	0	0	0
CRE_11	304	304	92.4243	0.304027	0.304027
CRE_12	740	740	551.97	0.745905	0.745905
CRE_13	1078	1078	86.3056	0.0800609	0.0800609
CRE_14	231	231	61.1867	0.264877	0.264877
CRE_15	1149	1149	0	0	0
CRE_16	243	243	1.28814	0.005301	0.005301
CRE_17	1025	1025	61.1868	0.0596945	0.0596945
CRE_18	885	885	0	0	0
CRE_19	59	59	0	0	0
CRE_20	1356	1356	67.6276	0.0498728	0.0498728
CRE_21	266	266	65.3733	0.245764	0.245764
CRE_22	1766	1766	383.223	0.217	0.217
CRE_23	367	367	0	0	0
CRE_24	1349	1349	304.646	0.225831	0.225831
CRE_25	1570	1570	181.306	0.115482	0.115482
CRE_26	1137	1137	80.509	0.0708083	0.0708083
CRE_27	1130	1130	34.4579	0.0304937	0.0304937
CRE_28	681	681	160.052	0.235025	0.235025
CRE_29	1054	1054	57.9665	0.0549967	0.0549967
CRE_30	1268	1268	170.679	0.134605	0.134605
CRE_31	1838	1838	74.0683	0.0402983	0.0402983
CRE_32	825	825	0	0	0
CRE_33	658	658	70.8479	0.107672	0.107672
CRE_34	707	707	0	0	0
CRE_35	475	475	73.1022	0.153899	0.153899
CRE_36	1607	1607	138.475	0.0861702	0.0861702
CRE_37	874	874	64.4072	0.0736924	0.0736924
CRE_38	1250	1250	415.426	0.332341	0.332341
CRE_39	1432	1432	51.5258	0.0359817	0.0359817
CRE_40	368	368	0	0	0
CRE_41	766	766	57.9665	0.0756743	0.0756743
CRE_42	761	761	132.357	0.173925	0.173925
CRE_43	1781	1781	80.509	0.0452044	0.0452044
CRE_44	107	107	0	0	0
CRE_45	1087	1087	0	0	0
CRE_46	1107	1107	0	0	0
CRE_47	514	514	0	0	0
CRE_48	1430	1430	70.8479	0.049544	0.049544
CRE_49	782	782	0	0	0
CRE_50	1162	1162	92.1023	0.0792619	0.0792619
CRE_51	1364	1364	521.376	0.382241	0.382241
CRE_52	1378	1378	262.781	0.190698	0.190698
CRE_53	954	954	0	0	0
CRE_54	453	453	0	0	0
CRE_55	1360	1360	328.477	0.241527	0.241527
CRE_56	435	435	224.459	0.515998	0.515998
CRE_57	1638	1638	4427.99	2.70329	2.70329
CRE_58	673	673	128.814	0.191403	0.191403
CRE_59	526	526	755.819	1.43692	1.43692
CRE_60	1484	1484	2445.54	1.64794	1.64794
CRE_61	1209	1209	242.171	0.200307	0.200307
CRE_62	693	693	226.391	0.326683	0.326683
CRE_63	555	555	155.865	0.280838	0.280838
CRE_64	806	806	0	0	0
CRE_65	1139	1139	67.6276	0.0593745	0.0593745
CRE_66	832	832	80.509	0.0967656	0.0967656
CRE_67	874	874	0	0	0
CRE_68	928	928	718.784	0.774552	0.774552
CRE_69	907	907	202.883	0.223685	0.223685
CRE_70	966	966	80.509	0.0833426	0.0833426
CRE_71	1376	1376	0	0	0
CRE_72	565	565	743.581	1.31607	1.31607
CRE_73	357	357	93.3904	0.261598	0.261598
CRE_74	1131	1131	125.594	0.111047	0.111047
CRE_75	403	403	0	0	0
CRE_76	1532	1532	22.5425	0.0147144	0.0147144
CRE_77	1304	1304	231.866	0.177811	0.177811
CRE_78	993	993	0	0	0
CRE_79	1214	1214	48.3054	0.0397903	0.0397903
CRE_80	989	989	0	0	0
CRE_81	1811	1811	0	0	0
CRE_82	1152	1152	0	0	0
CRE_83	319	319	0	0	0
CRE_84	1627	1627	62.797	0.0385968	0.0385968
CRE_85	1155	1155	515.257	0.44611	0.44611
CRE_86	714	714	0	0	0
CRE_87	954	954	103.052	0.10802	0.10802
CRE_88	1341	1341	83.7294	0.062438	0.062438
CRE_89	667	667	38.6443	0.0579375	0.0579375
CRE_90	1028	1028	0	0	0
CRE_91	1007	1007	0	0	0
CRE_92	201	201	0	0	0
CRE_93	1552	1552	70.8479	0.0456494	0.0456494
CRE_94	1166	1166	40.5765	0.0347998	0.0347998
CRE_95	540	540	95.0006	0.175927	0.175927
CRE_96	736	736	67.6276	0.0918853	0.0918853
CRE_97	1445	1445	74.0683	0.0512583	0.0512583
CRE_98	961	961	168.103	0.174925	0.174925
CRE_99	1844	1844	0	0	0
CRE_100	946	946	77.2886	0.0817005	0.0817005
CRE_101	224	224	57.3224	0.255904	0.255904
CRE_102	300	300	0	0	0
CRE_103	1934	1934	54.7461	0.0283072	0.0283072
CRE_104	368	368	67.6276	0.183771	0.183771
CRE_105	1519	1519	61.1868	0.040281	0.040281
CRE_106	932	932	0	0	0
CRE_107	856	856	141.696	0.165533	0.165533
CRE_108	1299	1299	0	0	0
CRE_109	715	715	0	0	0
CRE_110	763	763	76.6446	0.100452	0.100452
CRE_111	1287	1287	136.543	0.106094	0.106094
CRE_112	1291	1291	202.239	0.156653	0.156653
CRE_113	713	713	77.2886	0.108399	0.108399
CRE_114	827	827	347.477	0.420165	0.420165
CRE_115	217	217	1.28814	0.00593615	0.00593615
CRE_116	918	918	0	0	0
CRE_117	1024	1024	0	0	0
CRE_118	728	728	320.426	0.440145	0.440145
CRE_119	1489	1489	215.764	0.144905	0.144905
CRE_120	1613	1613	90.1701	0.0559021	0.0559021
CRE_121	1421	1421	157.798	0.111047	0.111047
CRE_122	1080	1080	0	0	0
CRE_123	1496	1496	96.6108	0.0645794	0.0645794
CRE_124	225	225	0	0	0
CRE_125	1027	1027	0	0	0
CRE_126	1783	1783	0	0	0
CRE_127	1823	1823	112.713	0.0618281	0.0618281
CRE_128	1366	1366	178.408	0.130606	0.130606
CRE_129	1394	1394	137.831	0.0988748	0.0988748
CRE_130	1873	1873	37.0341	0.0197726	0.0197726
CRE_131	290	290	0	0	0
CRE_132	232	232	0	0	0
CRE_133	458	458	121.73	0.265785	0.265785
CRE_134	1023	1023	312.375	0.305352	0.305352
CRE_135	1275	1275	0	0	0
CRE_136	1309	1309	365.511	0.279229	0.279229
CRE_137	1661	1661	0	0	0
CRE_138	734	734	110.136	0.150049	0.150049
Mb21d2_control	1000	1000	7102.5	7.1025	7.1025
Fgf12_control	1000	1000	2176.96	2.17696	2.17696
Wnt3_control	1000	1000	5265.29	5.26529	5.26529
Zic3_promoter	1000	1000	84.6955	0.0846955	0.0846955
Rnf12_promoter	1000	1000	79.2209	0.0792209	0.0792209
