name	size	covered	sum	mean0	mean 
CRE_1	1023	1023	282.722	0.276366	0.276366
CRE_2	966	966	110.234	0.114114	0.114114
CRE_3	703	703	0	0	0
CRE_4	1453	1453	61.0648	0.0420267	0.0420267
CRE_5	928	928	0	0	0
CRE_6	769	769	75.3397	0.0979711	0.0979711
CRE_7	1212	1212	0	0	0
CRE_8	979	979	0	0	0
CRE_9	806	806	0	0	0
CRE_10	1639	1639	0	0	0
CRE_11	304	304	0	0	0
CRE_12	740	740	83.2702	0.112527	0.112527
CRE_13	1078	1078	15.0679	0.0139777	0.0139777
CRE_14	231	231	0	0	0
CRE_15	1149	1149	0	0	0
CRE_16	243	243	0	0	0
CRE_17	1025	1025	0	0	0
CRE_18	885	885	0	0	0
CRE_19	59	59	0	0	0
CRE_20	1356	1356	0	0	0
CRE_21	266	266	76.5293	0.287704	0.287704
CRE_22	1766	1766	483.76	0.27393	0.27393
CRE_23	367	367	166.54	0.453789	0.453789
CRE_24	1349	1349	0	0	0
CRE_25	1570	1570	202.228	0.128807	0.128807
CRE_26	1137	1137	27.7567	0.0244123	0.0244123
CRE_27	1130	1130	0	0	0
CRE_28	681	681	13.0853	0.0192149	0.0192149
CRE_29	1054	1054	0	0	0
CRE_30	1268	1268	0	0	0
CRE_31	1838	1838	0	0	0
CRE_32	825	825	0	0	0
CRE_33	658	658	0	0	0
CRE_34	707	707	23.7915	0.0336513	0.0336513
CRE_35	475	475	0	0	0
CRE_36	1607	1607	32.515	0.0202334	0.0202334
CRE_37	874	874	0	0	0
CRE_38	1250	1250	229.984	0.183988	0.183988
CRE_39	1432	1432	141.163	0.0985774	0.0985774
CRE_40	368	368	41.2386	0.112061	0.112061
CRE_41	766	766	0	0	0
CRE_42	761	761	0	0	0
CRE_43	1781	1781	0	0	0
CRE_44	107	107	0	0	0
CRE_45	1087	1087	0	0	0
CRE_46	1107	1107	47.583	0.0429837	0.0429837
CRE_47	514	514	47.1865	0.0918025	0.0918025
CRE_48	1430	1430	0	0	0
CRE_49	782	782	83.2702	0.106484	0.106484
CRE_50	1162	1162	0	0	0
CRE_51	1364	1364	27.7567	0.0203495	0.0203495
CRE_52	1378	1378	276.378	0.200565	0.200565
CRE_53	954	954	0	0	0
CRE_54	453	453	0	0	0
CRE_55	1360	1360	83.2702	0.0612281	0.0612281
CRE_56	435	435	267.654	0.615298	0.615298
CRE_57	1638	1638	1253.42	0.765212	0.765212
CRE_58	673	673	0	0	0
CRE_59	526	526	95.166	0.180924	0.180924
CRE_60	1484	1484	570.996	0.384769	0.384769
CRE_61	1209	1209	166.54	0.137751	0.137751
CRE_62	693	693	0	0	0
CRE_63	555	555	122.13	0.220054	0.220054
CRE_64	806	806	229.984	0.285341	0.285341
CRE_65	1139	1139	71.3745	0.0626642	0.0626642
CRE_66	832	832	0	0	0
CRE_67	874	874	0	0	0
CRE_68	928	928	316.031	0.34055	0.34055
CRE_69	907	907	0	0	0
CRE_70	966	966	0	0	0
CRE_71	1376	1376	0	0	0
CRE_72	565	565	229.588	0.40635	0.40635
CRE_73	357	357	0	0	0
CRE_74	1131	1131	22.9984	0.0203346	0.0203346
CRE_75	403	403	108.648	0.269598	0.269598
CRE_76	1532	1532	0	0	0
CRE_77	1304	1304	281.533	0.215899	0.215899
CRE_78	993	993	0	0	0
CRE_79	1214	1214	103.096	0.084923	0.084923
CRE_80	989	989	0	0	0
CRE_81	1811	1811	0	0	0
CRE_82	1152	1152	47.583	0.0413047	0.0413047
CRE_83	319	319	0	0	0
CRE_84	1627	1627	154.645	0.095049	0.095049
CRE_85	1155	1155	107.062	0.0926942	0.0926942
CRE_86	714	714	0	0	0
CRE_87	954	954	91.2007	0.0955983	0.0955983
CRE_88	1341	1341	174.471	0.130105	0.130105
CRE_89	667	667	0	0	0
CRE_90	1028	1028	0	0	0
CRE_91	1007	1007	12.6888	0.0126006	0.0126006
CRE_92	201	201	0	0	0
CRE_93	1552	1552	0	0	0
CRE_94	1166	1166	3.96525	0.00340073	0.00340073
CRE_95	540	540	42.8247	0.079305	0.079305
CRE_96	736	736	0	0	0
CRE_97	1445	1445	0	0	0
CRE_98	961	961	65.0301	0.0676692	0.0676692
CRE_99	1844	1844	0	0	0
CRE_100	946	946	0	0	0
CRE_101	224	224	70.5814	0.315096	0.315096
CRE_102	300	300	0	0	0
CRE_103	1934	1934	0	0	0
CRE_104	368	368	276.775	0.752105	0.752105
CRE_105	1519	1519	49.9621	0.0328915	0.0328915
CRE_106	932	932	0	0	0
CRE_107	856	856	103.096	0.12044	0.12044
CRE_108	1299	1299	0	0	0
CRE_109	715	715	0	0	0
CRE_110	763	763	257.741	0.3378	0.3378
CRE_111	1287	1287	183.195	0.142342	0.142342
CRE_112	1291	1291	30.5324	0.0236502	0.0236502
CRE_113	713	713	0	0	0
CRE_114	827	827	165.747	0.20042	0.20042
CRE_115	217	217	0	0	0
CRE_116	918	918	0	0	0
CRE_117	1024	1024	0	0	0
CRE_118	728	728	0	0	0
CRE_119	1489	1489	0	0	0
CRE_120	1613	1613	88.4251	0.0548203	0.0548203
CRE_121	1421	1421	233.95	0.164637	0.164637
CRE_122	1080	1080	0	0	0
CRE_123	1496	1496	0	0	0
CRE_124	225	225	0	0	0
CRE_125	1027	1027	0	0	0
CRE_126	1783	1783	0	0	0
CRE_127	1823	1823	198.262	0.108756	0.108756
CRE_128	1366	1366	0	0	0
CRE_129	1394	1394	134.818	0.0967134	0.0967134
CRE_130	1873	1873	0	0	0
CRE_131	290	290	0	0	0
CRE_132	232	232	32.9116	0.14186	0.14186
CRE_133	458	458	52.3413	0.114282	0.114282
CRE_134	1023	1023	396.525	0.38761	0.38761
CRE_135	1275	1275	0	0	0
CRE_136	1309	1309	152.266	0.116322	0.116322
CRE_137	1661	1661	0	0	0
CRE_138	734	734	0	0	0
Mb21d2_control	1000	1000	5882.45	5.88245	5.88245
Fgf12_control	1000	1000	2038.14	2.03814	2.03814
Wnt3_control	1000	1000	3418.05	3.41805	3.41805
Zic3_promoter	1000	1000	475.83	0.47583	0.47583
Rnf12_promoter	1000	1000	243.07	0.24307	0.24307
