name	size	covered	sum	mean0	mean 
CRE_1	1023	1023	470.004	0.459437	0.459437
CRE_2	966	966	203.84	0.211014	0.211014
CRE_3	703	703	193.208	0.274833	0.274833
CRE_4	1453	1453	0	0	0
CRE_5	928	928	0	0	0
CRE_6	769	769	131.982	0.171629	0.171629
CRE_7	1212	1212	0	0	0
CRE_8	979	979	280.463	0.286479	0.286479
CRE_9	806	806	73.3236	0.0909722	0.0909722
CRE_10	1639	1639	0	0	0
CRE_11	304	304	394.847	1.29884	1.29884
CRE_12	740	740	0	0	0
CRE_13	1078	1078	87.2551	0.0809416	0.0809416
CRE_14	231	231	66.3579	0.287263	0.287263
CRE_15	1149	1149	0	0	0
CRE_16	243	243	0	0	0
CRE_17	1025	1025	0	0	0
CRE_18	885	885	0	0	0
CRE_19	59	59	0	0	0
CRE_20	1356	1356	0	0	0
CRE_21	266	266	0	0	0
CRE_22	1766	1766	703.906	0.398588	0.398588
CRE_23	367	367	0	0	0
CRE_24	1349	1349	200.173	0.148387	0.148387
CRE_25	1570	1570	140.415	0.0894361	0.0894361
CRE_26	1137	1137	69.6574	0.0612642	0.0612642
CRE_27	1130	1130	0	0	0
CRE_28	681	681	0	0	0
CRE_29	1054	1054	17.231	0.0163482	0.0163482
CRE_30	1268	1268	0	0	0
CRE_31	1838	1838	0	0	0
CRE_32	825	825	0	0	0
CRE_33	658	658	0	0	0
CRE_34	707	707	0	0	0
CRE_35	475	475	0	0	0
CRE_36	1607	1607	0	0	0
CRE_37	874	874	73.3236	0.0838943	0.0838943
CRE_38	1250	1250	91.6545	0.0733236	0.0733236
CRE_39	1432	1432	0	0	0
CRE_40	368	368	0	0	0
CRE_41	766	766	0	0	0
CRE_42	761	761	0	0	0
CRE_43	1781	1781	197.24	0.110747	0.110747
CRE_44	107	107	0	0	0
CRE_45	1087	1087	0	0	0
CRE_46	1107	1107	0	0	0
CRE_47	514	514	0	0	0
CRE_48	1430	1430	0	0	0
CRE_49	782	782	175.977	0.225034	0.225034
CRE_50	1162	1162	98.9869	0.0851866	0.0851866
CRE_51	1364	1364	153.98	0.112888	0.112888
CRE_52	1378	1378	0	0	0
CRE_53	954	954	0	0	0
CRE_54	453	453	84.3221	0.186142	0.186142
CRE_55	1360	1360	300.627	0.221049	0.221049
CRE_56	435	435	121.351	0.278967	0.278967
CRE_57	1638	1638	1338.15	0.816944	0.816944
CRE_58	673	673	146.647	0.217901	0.217901
CRE_59	526	526	366.617	0.696991	0.696991
CRE_60	1484	1484	1119.28	0.754234	0.754234
CRE_61	1209	1209	0	0	0
CRE_62	693	693	124.65	0.17987	0.17987
CRE_63	555	555	138.215	0.249036	0.249036
CRE_64	806	806	40.328	0.0500347	0.0500347
CRE_65	1139	1139	65.9912	0.0579379	0.0579379
CRE_66	832	832	109.985	0.132194	0.132194
CRE_67	874	874	0	0	0
CRE_68	928	928	302.093	0.325532	0.325532
CRE_69	907	907	201.64	0.222315	0.222315
CRE_70	966	966	152.146	0.157502	0.157502
CRE_71	1376	1376	247.467	0.179845	0.179845
CRE_72	565	565	218.504	0.386733	0.386733
CRE_73	357	357	47.6603	0.133502	0.133502
CRE_74	1131	1131	233.169	0.206162	0.206162
CRE_75	403	403	0	0	0
CRE_76	1532	1532	0	0	0
CRE_77	1304	1304	0	0	0
CRE_78	993	993	0	0	0
CRE_79	1214	1214	0	0	0
CRE_80	989	989	0	0	0
CRE_81	1811	1811	0	0	0
CRE_82	1152	1152	0	0	0
CRE_83	319	319	0	0	0
CRE_84	1627	1627	36.6618	0.0225334	0.0225334
CRE_85	1155	1155	11.3652	0.00983996	0.00983996
CRE_86	714	714	0	0	0
CRE_87	954	954	0	0	0
CRE_88	1341	1341	0	0	0
CRE_89	667	667	0	0	0
CRE_90	1028	1028	0	0	0
CRE_91	1007	1007	0	0	0
CRE_92	201	201	0	0	0
CRE_93	1552	1552	0	0	0
CRE_94	1166	1166	0	0	0
CRE_95	540	540	0	0	0
CRE_96	736	736	0	0	0
CRE_97	1445	1445	124.65	0.0862631	0.0862631
CRE_98	961	961	69.6574	0.0724843	0.0724843
CRE_99	1844	1844	0	0	0
CRE_100	946	946	0	0	0
CRE_101	224	224	0	0	0
CRE_102	300	300	0	0	0
CRE_103	1934	1934	0	0	0
CRE_104	368	368	39.5947	0.107594	0.107594
CRE_105	1519	1519	36.6618	0.0241355	0.0241355
CRE_106	932	932	0	0	0
CRE_107	856	856	0	0	0
CRE_108	1299	1299	0	0	0
CRE_109	715	715	0	0	0
CRE_110	763	763	234.636	0.307517	0.307517
CRE_111	1287	1287	352.687	0.274038	0.274038
CRE_112	1291	1291	196.874	0.152497	0.152497
CRE_113	713	713	57.9256	0.0812421	0.0812421
CRE_114	827	827	150.313	0.181757	0.181757
CRE_115	217	217	176.343	0.81264	0.81264
CRE_116	918	918	0	0	0
CRE_117	1024	1024	76.9898	0.0751853	0.0751853
CRE_118	728	728	100.82	0.138489	0.138489
CRE_119	1489	1489	0	0	0
CRE_120	1613	1613	87.9883	0.0545495	0.0545495
CRE_121	1421	1421	186.975	0.13158	0.13158
CRE_122	1080	1080	0	0	0
CRE_123	1496	1496	307.959	0.205855	0.205855
CRE_124	225	225	0	0	0
CRE_125	1027	1027	0	0	0
CRE_126	1783	1783	0	0	0
CRE_127	1823	1823	722.237	0.39618	0.39618
CRE_128	1366	1366	575.59	0.421369	0.421369
CRE_129	1394	1394	65.9912	0.0473395	0.0473395
CRE_130	1873	1873	0	0	0
CRE_131	290	290	67.8243	0.233877	0.233877
CRE_132	232	232	25.2966	0.109037	0.109037
CRE_133	458	458	167.911	0.366618	0.366618
CRE_134	1023	1023	557.259	0.54473	0.54473
CRE_135	1275	1275	122.45	0.0960395	0.0960395
CRE_136	1309	1309	351.22	0.268311	0.268311
CRE_137	1661	1661	0	0	0
CRE_138	734	734	0	0	0
Mb21d2_control	1000	1000	4766.03	4.76603	4.76603
Fgf12_control	1000	1000	1253.83	1.25383	1.25383
Wnt3_control	1000	1000	6148.18	6.14818	6.14818
Zic3_promoter	1000	1000	299.16	0.29916	0.29916
Rnf12_promoter	1000	1000	52.4264	0.0524264	0.0524264
