name	size	covered	sum	mean0	mean 
CRE_1	1023	1023	325.795	0.318471	0.318471
CRE_2	966	966	563.163	0.582985	0.582985
CRE_3	703	703	12.2597	0.0174391	0.0174391
CRE_4	1453	1453	0	0	0
CRE_5	928	928	0	0	0
CRE_6	769	769	0	0	0
CRE_7	1212	1212	57.3859	0.0473481	0.0473481
CRE_8	979	979	156.507	0.159864	0.159864
CRE_9	806	806	0	0	0
CRE_10	1639	1639	54.7775	0.0334213	0.0334213
CRE_11	304	304	100.164	0.329488	0.329488
CRE_12	740	740	15.129	0.0204446	0.0204446
CRE_13	1078	1078	0	0	0
CRE_14	231	231	0	0	0
CRE_15	1149	1149	0	0	0
CRE_16	243	243	0	0	0
CRE_17	1025	1025	0	0	0
CRE_18	885	885	57.3859	0.0648428	0.0648428
CRE_19	59	59	0	0	0
CRE_20	1356	1356	0	0	0
CRE_21	266	266	0	0	0
CRE_22	1766	1766	548.817	0.310768	0.310768
CRE_23	367	367	0	0	0
CRE_24	1349	1349	32.0839	0.0237835	0.0237835
CRE_25	1570	1570	0	0	0
CRE_26	1137	1137	114.511	0.100713	0.100713
CRE_27	1130	1130	69.6456	0.0616333	0.0616333
CRE_28	681	681	168.506	0.247439	0.247439
CRE_29	1054	1054	0	0	0
CRE_30	1268	1268	176.07	0.138857	0.138857
CRE_31	1838	1838	0	0	0
CRE_32	825	825	0	0	0
CRE_33	658	658	73.0366	0.110998	0.110998
CRE_34	707	707	0	0	0
CRE_35	475	475	0	0	0
CRE_36	1607	1607	46.9521	0.0292172	0.0292172
CRE_37	874	874	49.5606	0.0567054	0.0567054
CRE_38	1250	1250	190.417	0.152333	0.152333
CRE_39	1432	1432	0	0	0
CRE_40	368	368	124.684	0.338815	0.338815
CRE_41	766	766	0	0	0
CRE_42	761	761	105.903	0.139163	0.139163
CRE_43	1781	1781	122.597	0.0688361	0.0688361
CRE_44	107	107	0	0	0
CRE_45	1087	1087	0	0	0
CRE_46	1107	1107	0	0	0
CRE_47	514	514	63.907	0.124333	0.124333
CRE_48	1430	1430	0	0	0
CRE_49	782	782	125.206	0.160109	0.160109
CRE_50	1162	1162	41.4744	0.0356922	0.0356922
CRE_51	1364	1364	112.163	0.0822312	0.0822312
CRE_52	1378	1378	75.6451	0.0548948	0.0548948
CRE_53	954	954	0	0	0
CRE_54	453	453	0	0	0
CRE_55	1360	1360	208.937	0.15363	0.15363
CRE_56	435	435	199.546	0.458727	0.458727
CRE_57	1638	1638	1392.39	0.850054	0.850054
CRE_58	673	673	0	0	0
CRE_59	526	526	324.23	0.616407	0.616407
CRE_60	1484	1484	537.341	0.362089	0.362089
CRE_61	1209	1209	127.814	0.105719	0.105719
CRE_62	693	693	8.0862	0.0116684	0.0116684
CRE_63	555	555	65.2113	0.117498	0.117498
CRE_64	806	806	0	0	0
CRE_65	1139	1139	106.946	0.093895	0.093895
CRE_66	832	832	62.6028	0.0752438	0.0752438
CRE_67	874	874	28.693	0.0328295	0.0328295
CRE_68	928	928	258.236	0.278272	0.278272
CRE_69	907	907	93.9042	0.103533	0.103533
CRE_70	966	966	0	0	0
CRE_71	1376	1376	0	0	0
CRE_72	565	565	150.247	0.265923	0.265923
CRE_73	357	357	52.169	0.146132	0.146132
CRE_74	1131	1131	148.421	0.13123	0.13123
CRE_75	403	403	0	0	0
CRE_76	1532	1532	0	0	0
CRE_77	1304	1304	52.169	0.0400069	0.0400069
CRE_78	993	993	0	0	0
CRE_79	1214	1214	0	0	0
CRE_80	989	989	0	0	0
CRE_81	1811	1811	0	0	0
CRE_82	1152	1152	0	0	0
CRE_83	319	319	0	0	0
CRE_84	1627	1627	0	0	0
CRE_85	1155	1155	0	0	0
CRE_86	714	714	0	0	0
CRE_87	954	954	159.115	0.166788	0.166788
CRE_88	1341	1341	0	0	0
CRE_89	667	667	0	0	0
CRE_90	1028	1028	215.197	0.209336	0.209336
CRE_91	1007	1007	0	0	0
CRE_92	201	201	0	0	0
CRE_93	1552	1552	0	0	0
CRE_94	1166	1166	0	0	0
CRE_95	540	540	0	0	0
CRE_96	736	736	0	0	0
CRE_97	1445	1445	26.0845	0.0180516	0.0180516
CRE_98	961	961	47.9955	0.0499433	0.0499433
CRE_99	1844	1844	0	0	0
CRE_100	946	946	92.8608	0.0981615	0.0981615
CRE_101	224	224	0	0	0
CRE_102	300	300	0	0	0
CRE_103	1934	1934	0	0	0
CRE_104	368	368	86.0789	0.23391	0.23391
CRE_105	1519	1519	130.423	0.0858608	0.0858608
CRE_106	932	932	0	0	0
CRE_107	856	856	0	0	0
CRE_108	1299	1299	0	0	0
CRE_109	715	715	0	0	0
CRE_110	763	763	173.201	0.227	0.227
CRE_111	1287	1287	0	0	0
CRE_112	1291	1291	117.38	0.090922	0.090922
CRE_113	713	713	114.772	0.16097	0.16097
CRE_114	827	827	124.684	0.150767	0.150767
CRE_115	217	217	65.2113	0.300513	0.300513
CRE_116	918	918	47.9955	0.0522827	0.0522827
CRE_117	1024	1024	0	0	0
CRE_118	728	728	159.115	0.218565	0.218565
CRE_119	1489	1489	59.9944	0.0402917	0.0402917
CRE_120	1613	1613	67.8197	0.0420457	0.0420457
CRE_121	1421	1421	0	0	0
CRE_122	1080	1080	39.1268	0.0362285	0.0362285
CRE_123	1496	1496	18.2592	0.0122053	0.0122053
CRE_124	225	225	0	0	0
CRE_125	1027	1027	67.8197	0.0660367	0.0660367
CRE_126	1783	1783	171.636	0.0962625	0.0962625
CRE_127	1823	1823	777.579	0.426538	0.426538
CRE_128	1366	1366	234.761	0.17186	0.17186
CRE_129	1394	1394	166.419	0.119382	0.119382
CRE_130	1873	1873	279.887	0.149432	0.149432
CRE_131	290	290	0	0	0
CRE_132	232	232	51.6473	0.222618	0.222618
CRE_133	458	458	427.263	0.93289	0.93289
CRE_134	1023	1023	239.977	0.234582	0.234582
CRE_135	1275	1275	0	0	0
CRE_136	1309	1309	242.064	0.184923	0.184923
CRE_137	1661	1661	44.3437	0.026697	0.026697
CRE_138	734	734	0	0	0
Mb21d2_control	1000	1000	3989.62	3.98962	3.98962
Fgf12_control	1000	1000	1450.3	1.4503	1.4503
Wnt3_control	1000	1000	4806.07	4.80607	4.80607
Zic3_promoter	1000	1000	803.402	0.803402	0.803402
Rnf12_promoter	1000	1000	0	0	0
