name	size	covered	sum	mean0	mean 
CRE_1	1023	1023	41.965	0.0410215	0.0410215
CRE_2	966	966	148.112	0.153325	0.153325
CRE_3	703	703	0	0	0
CRE_4	1453	1453	0	0	0
CRE_5	928	928	0	0	0
CRE_6	769	769	0	0	0
CRE_7	1212	1212	171.426	0.14144	0.14144
CRE_8	979	979	63.0846	0.0644378	0.0644378
CRE_9	806	806	0	0	0
CRE_10	1639	1639	0	0	0
CRE_11	304	304	58.6961	0.193079	0.193079
CRE_12	740	740	65.8274	0.088956	0.088956
CRE_13	1078	1078	95.9983	0.0890523	0.0890523
CRE_14	231	231	0	0	0
CRE_15	1149	1149	49.3706	0.0429683	0.0429683
CRE_16	243	243	0	0	0
CRE_17	1025	1025	0	0	0
CRE_18	885	885	43.885	0.0495875	0.0495875
CRE_19	59	59	0	0	0
CRE_20	1356	1356	0	0	0
CRE_21	266	266	44.7078	0.168074	0.168074
CRE_22	1766	1766	52.1134	0.0295093	0.0295093
CRE_23	367	367	0	0	0
CRE_24	1349	1349	0	0	0
CRE_25	1570	1570	0	0	0
CRE_26	1137	1137	0	0	0
CRE_27	1130	1130	0	0	0
CRE_28	681	681	65.8274	0.0966629	0.0966629
CRE_29	1054	1054	0	0	0
CRE_30	1268	1268	98.7412	0.0778716	0.0778716
CRE_31	1838	1838	74.0559	0.0402915	0.0402915
CRE_32	825	825	0	0	0
CRE_33	658	658	0	0	0
CRE_34	707	707	0	0	0
CRE_35	475	475	0	0	0
CRE_36	1607	1607	52.1134	0.032429	0.032429
CRE_37	874	874	0	0	0
CRE_38	1250	1250	416.908	0.333527	0.333527
CRE_39	1432	1432	58.1477	0.0406059	0.0406059
CRE_40	368	368	17.0054	0.0462104	0.0462104
CRE_41	766	766	0	0	0
CRE_42	761	761	0	0	0
CRE_43	1781	1781	0	0	0
CRE_44	107	107	0	0	0
CRE_45	1087	1087	0	0	0
CRE_46	1107	1107	49.3706	0.0445985	0.0445985
CRE_47	514	514	0	0	0
CRE_48	1430	1430	49.3706	0.0345249	0.0345249
CRE_49	782	782	153.597	0.196416	0.196416
CRE_50	1162	1162	0	0	0
CRE_51	1364	1364	130.283	0.0955157	0.0955157
CRE_52	1378	1378	0	0	0
CRE_53	954	954	0	0	0
CRE_54	453	453	0	0	0
CRE_55	1360	1360	52.1134	0.0383187	0.0383187
CRE_56	435	435	95.7241	0.220055	0.220055
CRE_57	1638	1638	253.71	0.15489	0.15489
CRE_58	673	673	0	0	0
CRE_59	526	526	58.9704	0.112111	0.112111
CRE_60	1484	1484	46.6278	0.0314203	0.0314203
CRE_61	1209	1209	46.6278	0.0385672	0.0385672
CRE_62	693	693	0	0	0
CRE_63	555	555	0	0	0
CRE_64	806	806	54.5819	0.0677195	0.0677195
CRE_65	1139	1139	54.5819	0.0479209	0.0479209
CRE_66	832	832	46.6278	0.056043	0.056043
CRE_67	874	874	0	0	0
CRE_68	928	928	79.5415	0.0857128	0.0857128
CRE_69	907	907	0	0	0
CRE_70	966	966	290.739	0.300972	0.300972
CRE_71	1376	1376	161.826	0.117606	0.117606
CRE_72	565	565	65.8274	0.116509	0.116509
CRE_73	357	357	0	0	0
CRE_74	1131	1131	225.185	0.199102	0.199102
CRE_75	403	403	0	0	0
CRE_76	1532	1532	49.3706	0.0322262	0.0322262
CRE_77	1304	1304	67.4731	0.0517432	0.0517432
CRE_78	993	993	0	0	0
CRE_79	1214	1214	0	0	0
CRE_80	989	989	0	0	0
CRE_81	1811	1811	0	0	0
CRE_82	1152	1152	0	0	0
CRE_83	319	319	0	0	0
CRE_84	1627	1627	0	0	0
CRE_85	1155	1155	0	0	0
CRE_86	714	714	0	0	0
CRE_87	954	954	0	0	0
CRE_88	1341	1341	115.198	0.0859046	0.0859046
CRE_89	667	667	93.2557	0.139814	0.139814
CRE_90	1028	1028	159.083	0.15475	0.15475
CRE_91	1007	1007	0	0	0
CRE_92	201	201	19.474	0.0968853	0.0968853
CRE_93	1552	1552	0	0	0
CRE_94	1166	1166	0	0	0
CRE_95	540	540	0	0	0
CRE_96	736	736	0	0	0
CRE_97	1445	1445	95.9983	0.0664348	0.0664348
CRE_98	961	961	50.4677	0.0525158	0.0525158
CRE_99	1844	1844	71.3131	0.038673	0.038673
CRE_100	946	946	43.885	0.04639	0.04639
CRE_101	224	224	0	0	0
CRE_102	300	300	0	0	0
CRE_103	1934	1934	0	0	0
CRE_104	368	368	0	0	0
CRE_105	1519	1519	0	0	0
CRE_106	932	932	0	0	0
CRE_107	856	856	145.369	0.169824	0.169824
CRE_108	1299	1299	79.5415	0.0612329	0.0612329
CRE_109	715	715	0	0	0
CRE_110	763	763	458.05	0.600328	0.600328
CRE_111	1287	1287	57.599	0.0447545	0.0447545
CRE_112	1291	1291	87.7699	0.067986	0.067986
CRE_113	713	713	0	0	0
CRE_114	827	827	377.96	0.457026	0.457026
CRE_115	217	217	166.489	0.76723	0.76723
CRE_116	918	918	0	0	0
CRE_117	1024	1024	212.294	0.207318	0.207318
CRE_118	728	728	259.196	0.356039	0.356039
CRE_119	1489	1489	0	0	0
CRE_120	1613	1613	224.911	0.139436	0.139436
CRE_121	1421	1421	0	0	0
CRE_122	1080	1080	0	0	0
CRE_123	1496	1496	183.768	0.12284	0.12284
CRE_124	225	225	119.038	0.529059	0.529059
CRE_125	1027	1027	0	0	0
CRE_126	1783	1783	175.266	0.0982981	0.0982981
CRE_127	1823	1823	329.137	0.180547	0.180547
CRE_128	1366	1366	0	0	0
CRE_129	1394	1394	222.168	0.159375	0.159375
CRE_130	1873	1873	274.281	0.14644	0.14644
CRE_131	290	290	54.8563	0.18916	0.18916
CRE_132	232	232	222.168	0.957623	0.957623
CRE_133	458	458	394.417	0.861173	0.861173
CRE_134	1023	1023	312.681	0.305651	0.305651
CRE_135	1275	1275	0	0	0
CRE_136	1309	1309	116.569	0.0890523	0.0890523
CRE_137	1661	1661	0	0	0
CRE_138	734	734	68.5703	0.09342	0.09342
Mb21d2_control	1000	1000	2786.7	2.7867	2.7867
Fgf12_control	1000	1000	1121.81	1.12181	1.12181
Wnt3_control	1000	1000	3734.34	3.73434	3.73434
Zic3_promoter	1000	1000	322.555	0.322555	0.322555
Rnf12_promoter	1000	1000	67.7474	0.0677474	0.0677474
