name	size	covered	sum	mean0	mean 
CRE_1	1023	1023	50.4386	0.0493046	0.0493046
CRE_2	966	966	119.161	0.123355	0.123355
CRE_3	703	703	0	0	0
CRE_4	1453	1453	0	0	0
CRE_5	928	928	0	0	0
CRE_6	769	769	72.5054	0.0942853	0.0942853
CRE_7	1212	1212	0	0	0
CRE_8	979	979	53.591	0.0547405	0.0547405
CRE_9	806	806	0	0	0
CRE_10	1639	1639	0	0	0
CRE_11	304	304	0	0	0
CRE_12	740	740	0	0	0
CRE_13	1078	1078	0	0	0
CRE_14	231	231	0	0	0
CRE_15	1149	1149	0	0	0
CRE_16	243	243	0	0	0
CRE_17	1025	1025	0	0	0
CRE_18	885	885	0	0	0
CRE_19	59	59	0	0	0
CRE_20	1356	1356	0	0	0
CRE_21	266	266	0	0	0
CRE_22	1766	1766	18.9145	0.0107103	0.0107103
CRE_23	367	367	0	0	0
CRE_24	1349	1349	29.3174	0.0217327	0.0217327
CRE_25	1570	1570	0	0	0
CRE_26	1137	1137	0	0	0
CRE_27	1130	1130	0	0	0
CRE_28	681	681	0	0	0
CRE_29	1054	1054	0	0	0
CRE_30	1268	1268	0	0	0
CRE_31	1838	1838	0	0	0
CRE_32	825	825	0	0	0
CRE_33	658	658	0	0	0
CRE_34	707	707	66.2006	0.0936359	0.0936359
CRE_35	475	475	34.046	0.0716759	0.0716759
CRE_36	1607	1607	85.1151	0.0529652	0.0529652
CRE_37	874	874	0	0	0
CRE_38	1250	1250	135.554	0.108443	0.108443
CRE_39	1432	1432	61.7872	0.0431475	0.0431475
CRE_40	368	368	164.556	0.447163	0.447163
CRE_41	766	766	0	0	0
CRE_42	761	761	0	0	0
CRE_43	1781	1781	135.554	0.0761111	0.0761111
CRE_44	107	107	0	0	0
CRE_45	1087	1087	0	0	0
CRE_46	1107	1107	0	0	0
CRE_47	514	514	0	0	0
CRE_48	1430	1430	0	0	0
CRE_49	782	782	40.9813	0.0524058	0.0524058
CRE_50	1162	1162	59.8958	0.0515454	0.0515454
CRE_51	1364	1364	148.163	0.108624	0.108624
CRE_52	1378	1378	113.487	0.0823563	0.0823563
CRE_53	954	954	116.009	0.121602	0.121602
CRE_54	453	453	0	0	0
CRE_55	1360	1360	119.792	0.088082	0.088082
CRE_56	435	435	0	0	0
CRE_57	1638	1638	197.026	0.120284	0.120284
CRE_58	673	673	0	0	0
CRE_59	526	526	18.9145	0.0359591	0.0359591
CRE_60	1484	1484	214.364	0.14445	0.14445
CRE_61	1209	1209	56.7434	0.0469341	0.0469341
CRE_62	693	693	0	0	0
CRE_63	555	555	83.8542	0.151089	0.151089
CRE_64	806	806	0	0	0
CRE_65	1139	1139	0	0	0
CRE_66	832	832	0	0	0
CRE_67	874	874	34.6765	0.0396756	0.0396756
CRE_68	928	928	327.851	0.353288	0.353288
CRE_69	907	907	0	0	0
CRE_70	966	966	91.4199	0.0946376	0.0946376
CRE_71	1376	1376	293.174	0.213063	0.213063
CRE_72	565	565	327.221	0.579152	0.579152
CRE_73	357	357	0	0	0
CRE_74	1131	1131	179.057	0.158317	0.158317
CRE_75	403	403	0	0	0
CRE_76	1532	1532	0	0	0
CRE_77	1304	1304	17.6535	0.013538	0.013538
CRE_78	993	993	66.2006	0.0666673	0.0666673
CRE_79	1214	1214	0	0	0
CRE_80	989	989	0	0	0
CRE_81	1811	1811	97.7247	0.0539617	0.0539617
CRE_82	1152	1152	0	0	0
CRE_83	319	319	0	0	0
CRE_84	1627	1627	75.6578	0.0465014	0.0465014
CRE_85	1155	1155	113.487	0.098257	0.098257
CRE_86	714	714	0	0	0
CRE_87	954	954	72.5054	0.0760015	0.0760015
CRE_88	1341	1341	107.182	0.0799269	0.0799269
CRE_89	667	667	25.2193	0.03781	0.03781
CRE_90	1028	1028	220.669	0.214658	0.214658
CRE_91	1007	1007	42.5575	0.0422617	0.0422617
CRE_92	201	201	0	0	0
CRE_93	1552	1552	128.934	0.0830758	0.0830758
CRE_94	1166	1166	0	0	0
CRE_95	540	540	0	0	0
CRE_96	736	736	0	0	0
CRE_97	1445	1445	91.4199	0.0632664	0.0632664
CRE_98	961	961	286.87	0.298512	0.298512
CRE_99	1844	1844	53.591	0.0290623	0.0290623
CRE_100	946	946	49.1776	0.0519848	0.0519848
CRE_101	224	224	0	0	0
CRE_102	300	300	0	0	0
CRE_103	1934	1934	0	0	0
CRE_104	368	368	112.856	0.306675	0.306675
CRE_105	1519	1519	141.859	0.0933895	0.0933895
CRE_106	932	932	22.0669	0.0236769	0.0236769
CRE_107	856	856	0	0	0
CRE_108	1299	1299	0	0	0
CRE_109	715	715	0	0	0
CRE_110	763	763	56.4281	0.0739556	0.0739556
CRE_111	1287	1287	523.931	0.407095	0.407095
CRE_112	1291	1291	216.571	0.167754	0.167754
CRE_113	713	713	53.591	0.0751627	0.0751627
CRE_114	827	827	59.8958	0.0724254	0.0724254
CRE_115	217	217	0	0	0
CRE_116	918	918	0	0	0
CRE_117	1024	1024	60.5263	0.0591077	0.0591077
CRE_118	728	728	130.825	0.179705	0.179705
CRE_119	1489	1489	136.184	0.0914602	0.0914602
CRE_120	1613	1613	31.5241	0.0195438	0.0195438
CRE_121	1421	1421	163.925	0.115359	0.115359
CRE_122	1080	1080	0	0	0
CRE_123	1496	1496	0	0	0
CRE_124	225	225	0	0	0
CRE_125	1027	1027	0	0	0
CRE_126	1783	1783	0	0	0
CRE_127	1823	1823	274.26	0.150444	0.150444
CRE_128	1366	1366	0	0	0
CRE_129	1394	1394	0	0	0
CRE_130	1873	1873	58.3196	0.031137	0.031137
CRE_131	290	290	44.1338	0.152185	0.152185
CRE_132	232	232	126.412	0.544878	0.544878
CRE_133	458	458	465.297	1.01593	1.01593
CRE_134	1023	1023	575.631	0.562689	0.562689
CRE_135	1275	1275	0	0	0
CRE_136	1309	1309	526.453	0.40218	0.40218
CRE_137	1661	1661	0	0	0
CRE_138	734	734	0	0	0
Mb21d2_control	1000	1000	2599.17	2.59917	2.59917
Fgf12_control	1000	1000	958.334	0.958334	0.958334
Wnt3_control	1000	1000	3937.37	3.93737	3.93737
Zic3_promoter	1000	1000	447.644	0.447644	0.447644
Rnf12_promoter	1000	1000	29.3174	0.0293174	0.0293174
