name	size	covered	sum	mean0	mean 
CRE_1	1023	1023	736.823	0.720257	0.720257
CRE_2	966	966	497.881	0.515404	0.515404
CRE_3	703	703	0	0	0
CRE_4	1453	1453	0	0	0
CRE_5	928	928	0	0	0
CRE_6	769	769	0	0	0
CRE_7	1212	1212	28.9802	0.0239111	0.0239111
CRE_8	979	979	27.5312	0.0281217	0.0281217
CRE_9	806	806	0	0	0
CRE_10	1639	1639	0	0	0
CRE_11	304	304	0	0	0
CRE_12	740	740	0	0	0
CRE_13	1078	1078	0	0	0
CRE_14	231	231	0	0	0
CRE_15	1149	1149	0	0	0
CRE_16	243	243	0	0	0
CRE_17	1025	1025	0	0	0
CRE_18	885	885	0	0	0
CRE_19	59	59	0	0	0
CRE_20	1356	1356	0	0	0
CRE_21	266	266	0	0	0
CRE_22	1766	1766	394.132	0.223178	0.223178
CRE_23	367	367	0	0	0
CRE_24	1349	1349	0	0	0
CRE_25	1570	1570	0	0	0
CRE_26	1137	1137	0	0	0
CRE_27	1130	1130	0	0	0
CRE_28	681	681	0	0	0
CRE_29	1054	1054	0	0	0
CRE_30	1268	1268	65.2055	0.0514239	0.0514239
CRE_31	1838	1838	0	0	0
CRE_32	825	825	0	0	0
CRE_33	658	658	0	0	0
CRE_34	707	707	24.923	0.0352517	0.0352517
CRE_35	475	475	0	0	0
CRE_36	1607	1607	0	0	0
CRE_37	874	874	0	0	0
CRE_38	1250	1250	113.023	0.0904185	0.0904185
CRE_39	1432	1432	91.2878	0.0637485	0.0637485
CRE_40	368	368	33.0374	0.0897756	0.0897756
CRE_41	766	766	0	0	0
CRE_42	761	761	0	0	0
CRE_43	1781	1781	0	0	0
CRE_44	107	107	0	0	0
CRE_45	1087	1087	31.8782	0.0293268	0.0293268
CRE_46	1107	1107	23.1842	0.0209432	0.0209432
CRE_47	514	514	0	0	0
CRE_48	1430	1430	0	0	0
CRE_49	782	782	9.99817	0.0127854	0.0127854
CRE_50	1162	1162	0	0	0
CRE_51	1364	1364	124.615	0.09136	0.09136
CRE_52	1378	1378	36.2253	0.0262883	0.0262883
CRE_53	954	954	0	0	0
CRE_54	453	453	11.8819	0.0262293	0.0262293
CRE_55	1360	1360	298.497	0.219483	0.219483
CRE_56	435	435	8.54916	0.0196532	0.0196532
CRE_57	1638	1638	219.96	0.134286	0.134286
CRE_58	673	673	12.7513	0.0189469	0.0189469
CRE_59	526	526	56.5116	0.107436	0.107436
CRE_60	1484	1484	102.88	0.0693261	0.0693261
CRE_61	1209	1209	0	0	0
CRE_62	693	693	113.603	0.163929	0.163929
CRE_63	555	555	34.3415	0.0618766	0.0618766
CRE_64	806	806	0	0	0
CRE_65	1139	1139	23.9087	0.0209909	0.0209909
CRE_66	832	832	13.4758	0.0161969	0.0161969
CRE_67	874	874	0	0	0
CRE_68	928	928	382.105	0.411751	0.411751
CRE_69	907	907	0	0	0
CRE_70	966	966	74.6242	0.0772507	0.0772507
CRE_71	1376	1376	0	0	0
CRE_72	565	565	99.5472	0.17619	0.17619
CRE_73	357	357	47.8175	0.133942	0.133942
CRE_74	1131	1131	289.803	0.256236	0.256236
CRE_75	403	403	0	0	0
CRE_76	1532	1532	81.1447	0.0529665	0.0529665
CRE_77	1304	1304	155.914	0.119566	0.119566
CRE_78	993	993	23.6189	0.0237854	0.0237854
CRE_79	1214	1214	42.0213	0.0346139	0.0346139
CRE_80	989	989	0	0	0
CRE_81	1811	1811	27.5312	0.0152022	0.0152022
CRE_82	1152	1152	0	0	0
CRE_83	319	319	65.6403	0.205769	0.205769
CRE_84	1627	1627	25.3577	0.0155855	0.0155855
CRE_85	1155	1155	92.7368	0.0802916	0.0802916
CRE_86	714	714	0	0	0
CRE_87	954	954	52.1644	0.0546796	0.0546796
CRE_88	1341	1341	70.7117	0.0527306	0.0527306
CRE_89	667	667	0	0	0
CRE_90	1028	1028	0	0	0
CRE_91	1007	1007	3.18782	0.00316566	0.00316566
CRE_92	201	201	0	0	0
CRE_93	1552	1552	0	0	0
CRE_94	1166	1166	0	0	0
CRE_95	540	540	24.923	0.0461537	0.0461537
CRE_96	736	736	0	0	0
CRE_97	1445	1445	52.1645	0.0361	0.0361
CRE_98	961	961	0	0	0
CRE_99	1844	1844	62.3075	0.0337893	0.0337893
CRE_100	946	946	62.3074	0.0658641	0.0658641
CRE_101	224	224	0	0	0
CRE_102	300	300	0	0	0
CRE_103	1934	1934	66.6547	0.0344647	0.0344647
CRE_104	368	368	79.6958	0.216565	0.216565
CRE_105	1519	1519	169.535	0.111609	0.111609
CRE_106	932	932	0.579604	0.000621893	0.000621893
CRE_107	856	856	0	0	0
CRE_108	1299	1299	0	0	0
CRE_109	715	715	0	0	0
CRE_110	763	763	28.8353	0.037792	0.037792
CRE_111	1287	1287	159.681	0.124072	0.124072
CRE_112	1291	1291	92.8817	0.0719455	0.0719455
CRE_113	713	713	62.3074	0.0873877	0.0873877
CRE_114	827	827	85.202	0.103025	0.103025
CRE_115	217	217	29.5598	0.13622	0.13622
CRE_116	918	918	0	0	0
CRE_117	1024	1024	0	0	0
CRE_118	728	728	223.148	0.306522	0.306522
CRE_119	1489	1489	26.9516	0.0181005	0.0181005
CRE_120	1613	1613	0	0	0
CRE_121	1421	1421	0	0	0
CRE_122	1080	1080	0	0	0
CRE_123	1496	1496	14.7799	0.00987961	0.00987961
CRE_124	225	225	0	0	0
CRE_125	1027	1027	76.7976	0.0747785	0.0747785
CRE_126	1783	1783	30.4292	0.0170663	0.0170663
CRE_127	1823	1823	98.0982	0.0538114	0.0538114
CRE_128	1366	1366	32.168	0.0235491	0.0235491
CRE_129	1394	1394	27.5312	0.0197498	0.0197498
CRE_130	1873	1873	115.921	0.0618906	0.0618906
CRE_131	290	290	30.4293	0.104929	0.104929
CRE_132	232	232	14.3452	0.0618328	0.0618328
CRE_133	458	458	0	0	0
CRE_134	1023	1023	69.8424	0.0682721	0.0682721
CRE_135	1275	1275	0	0	0
CRE_136	1309	1309	105.778	0.0808082	0.0808082
CRE_137	1661	1661	0	0	0
CRE_138	734	734	0	0	0
Mb21d2_control	1000	1000	5086.76	5.08676	5.08676
Fgf12_control	1000	1000	1433.07	1.43307	1.43307
Wnt3_control	1000	1000	1434.52	1.43452	1.43452
Zic3_promoter	1000	1000	190.255	0.190255	0.190255
Rnf12_promoter	1000	1000	0	0	0
