name	size	covered	sum	mean0	mean 
CRE_1	1023	1023	425538	415.97	415.97
CRE_2	966	966	243450	252.018	252.018
CRE_3	703	703	1633.89	2.32416	2.32416
CRE_4	1453	1453	18517.4	12.7442	12.7442
CRE_5	928	928	0	0	0
CRE_6	769	769	30862.3	40.133	40.133
CRE_7	1212	1212	83146.8	68.603	68.603
CRE_8	979	979	36671.7	37.4583	37.4583
CRE_9	806	806	0	0	0
CRE_10	1639	1639	0	0	0
CRE_11	304	304	33403.9	109.881	109.881
CRE_12	740	740	23419	31.6474	31.6474
CRE_13	1078	1078	8532.52	7.91514	7.91514
CRE_14	231	231	0	0	0
CRE_15	1149	1149	0	0	0
CRE_16	243	243	0	0	0
CRE_17	1025	1025	33040.8	32.235	32.235
CRE_18	885	885	0	0	0
CRE_19	59	59	0	0	0
CRE_20	1356	1356	153949	113.531	113.531
CRE_21	266	266	0	0	0
CRE_22	1766	1766	83509.9	47.2876	47.2876
CRE_23	367	367	31225.4	85.0828	85.0828
CRE_24	1349	1349	22692.9	16.822	16.822
CRE_25	1570	1570	68078.6	43.3622	43.3622
CRE_26	1137	1137	0	0	0
CRE_27	1130	1130	0	0	0
CRE_28	681	681	0	0	0
CRE_29	1054	1054	0	0	0
CRE_30	1268	1268	277398	218.768	218.768
CRE_31	1838	1838	0	0	0
CRE_32	825	825	40847.2	49.5117	49.5117
CRE_33	658	658	42481.1	64.5609	64.5609
CRE_34	707	707	25960.6	36.7194	36.7194
CRE_35	475	475	0	0	0
CRE_36	1607	1607	0	0	0
CRE_37	874	874	0	0	0
CRE_38	1250	1250	116006	92.8049	92.8049
CRE_39	1432	1432	0	0	0
CRE_40	368	368	0	0	0
CRE_41	766	766	0	0	0
CRE_42	761	761	18335.8	24.0944	24.0944
CRE_43	1781	1781	0	0	0
CRE_44	107	107	0	0	0
CRE_45	1087	1087	66807.8	61.4607	61.4607
CRE_46	1107	1107	12163.4	10.9877	10.9877
CRE_47	514	514	0	0	0
CRE_48	1430	1430	0	0	0
CRE_49	782	782	177368	226.813	226.813
CRE_50	1162	1162	52647.5	45.3076	45.3076
CRE_51	1364	1364	549350	402.749	402.749
CRE_52	1378	1378	608715	441.738	441.738
CRE_53	954	954	100938	105.805	105.805
CRE_54	453	453	64266.3	141.868	141.868
CRE_55	1360	1360	449501	330.516	330.516
CRE_56	435	435	162481	373.52	373.52
CRE_57	1638	1638	1.71922e+06	1049.58	1049.58
CRE_58	673	673	9258.69	13.7573	13.7573
CRE_59	526	526	257247	489.063	489.063
CRE_60	1484	1484	447504	301.553	301.553
CRE_61	1209	1209	53736.7	44.4473	44.4473
CRE_62	693	693	38668.7	55.7989	55.7989
CRE_63	555	555	0	0	0
CRE_64	806	806	61906.3	76.8068	76.8068
CRE_65	1139	1139	5627.83	4.94103	4.94103
CRE_66	832	832	0	0	0
CRE_67	874	874	0	0	0
CRE_68	928	928	63721.6	68.6655	68.6655
CRE_69	907	907	0	0	0
CRE_70	966	966	202058	209.17	209.17
CRE_71	1376	1376	139244	101.195	101.195
CRE_72	565	565	63177	111.818	111.818
CRE_73	357	357	165931	464.792	464.792
CRE_74	1131	1131	371982	328.897	328.897
CRE_75	403	403	36490.1	90.5463	90.5463
CRE_76	1532	1532	10892.6	7.11004	7.11004
CRE_77	1304	1304	174826	134.069	134.069
CRE_78	993	993	0	0	0
CRE_79	1214	1214	0	0	0
CRE_80	989	989	0	0	0
CRE_81	1811	1811	66989.4	36.9903	36.9903
CRE_82	1152	1152	0	0	0
CRE_83	319	319	123994	388.696	388.696
CRE_84	1627	1627	141785	87.1452	87.1452
CRE_85	1155	1155	33948.6	29.3927	29.3927
CRE_86	714	714	0	0	0
CRE_87	954	954	36671.7	38.4399	38.4399
CRE_88	1341	1341	24145.2	18.0054	18.0054
CRE_89	667	667	42844.1	64.2341	64.2341
CRE_90	1028	1028	0	0	0
CRE_91	1007	1007	0	0	0
CRE_92	201	201	0	0	0
CRE_93	1552	1552	97851.7	63.0488	63.0488
CRE_94	1166	1166	0	0	0
CRE_95	540	540	0	0	0
CRE_96	736	736	10529.5	14.3064	14.3064
CRE_97	1445	1445	0	0	0
CRE_98	961	961	40302.5	41.9381	41.9381
CRE_99	1844	1844	186264	101.011	101.011
CRE_100	946	946	30862.3	32.624	32.624
CRE_101	224	224	0	0	0
CRE_102	300	300	0	0	0
CRE_103	1934	1934	0	0	0
CRE_104	368	368	52647.5	143.064	143.064
CRE_105	1519	1519	199335	131.228	131.228
CRE_106	932	932	0	0	0
CRE_107	856	856	2178.52	2.545	2.545
CRE_108	1299	1299	59183.2	45.5606	45.5606
CRE_109	715	715	0	0	0
CRE_110	763	763	69168.1	90.6528	90.6528
CRE_111	1287	1287	116732	90.7011	90.7011
CRE_112	1291	1291	119092	92.248	92.248
CRE_113	713	713	190258	266.841	266.841
CRE_114	827	827	105477	127.541	127.541
CRE_115	217	217	23963.7	110.432	110.432
CRE_116	918	918	25416	27.6863	27.6863
CRE_117	1024	1024	94947.1	92.7218	92.7218
CRE_118	728	728	44841.1	61.5949	61.5949
CRE_119	1489	1489	106021	71.2029	71.2029
CRE_120	1613	1613	101301	62.8029	62.8029
CRE_121	1421	1421	63721.6	44.8428	44.8428
CRE_122	1080	1080	0	0	0
CRE_123	1496	1496	108381	72.4473	72.4473
CRE_124	225	225	0	0	0
CRE_125	1027	1027	0	0	0
CRE_126	1783	1783	40847.2	22.9092	22.9092
CRE_127	1823	1823	167564	91.9169	91.9169
CRE_128	1366	1366	0	0	0
CRE_129	1394	1394	32677.7	23.4417	23.4417
CRE_130	1873	1873	64810.9	34.6027	34.6027
CRE_131	290	290	0	0	0
CRE_132	232	232	61180.1	263.707	263.707
CRE_133	458	458	45022.7	98.3028	98.3028
CRE_134	1023	1023	110741	108.252	108.252
CRE_135	1275	1275	35037.8	27.4806	27.4806
CRE_136	1309	1309	107111	81.8262	81.8262
CRE_137	1661	1661	0	0	0
CRE_138	734	734	0	0	0
Mb21d2_control	1000	1000	3.16539e+06	3165.39	3165.39
Fgf12_control	1000	1000	1.18657e+06	1186.57	1186.57
Wnt3_control	1000	1000	1.15189e+06	1151.89	1151.89
Zic3_promoter	1000	1000	0	0	0
Rnf12_promoter	1000	1000	74614.2	74.6142	74.6142
