name	size	covered	sum	mean0	mean 
CRE_1	1023	1023	400218	391.22	391.22
CRE_2	966	966	362992	375.768	375.768
CRE_3	703	703	30343	43.1622	43.1622
CRE_4	1453	1453	18683.4	12.8585	12.8585
CRE_5	928	928	0	0	0
CRE_6	769	769	0	0	0
CRE_7	1212	1212	0	0	0
CRE_8	979	979	56752.7	57.9701	57.9701
CRE_9	806	806	0	0	0
CRE_10	1639	1639	0	0	0
CRE_11	304	304	0	0	0
CRE_12	740	740	32871.6	44.4211	44.4211
CRE_13	1078	1078	0	0	0
CRE_14	231	231	0	0	0
CRE_15	1149	1149	0	0	0
CRE_16	243	243	0	0	0
CRE_17	1025	1025	0	0	0
CRE_18	885	885	30904.9	34.9208	34.9208
CRE_19	59	59	0	0	0
CRE_20	1356	1356	72626.6	53.5594	53.5594
CRE_21	266	266	0	0	0
CRE_22	1766	1766	109432	61.9658	61.9658
CRE_23	367	367	0	0	0
CRE_24	1349	1349	37858.5	28.0641	28.0641
CRE_25	1570	1570	0	0	0
CRE_26	1137	1137	0	0	0
CRE_27	1130	1130	0	0	0
CRE_28	681	681	10816.7	15.8836	15.8836
CRE_29	1054	1054	0	0	0
CRE_30	1268	1268	0	0	0
CRE_31	1838	1838	0	0	0
CRE_32	825	825	0	0	0
CRE_33	658	658	0	0	0
CRE_34	707	707	26409.7	37.3546	37.3546
CRE_35	475	475	0	0	0
CRE_36	1607	1607	14047.7	8.74157	8.74157
CRE_37	874	874	0	0	0
CRE_38	1250	1250	102267	81.8138	81.8138
CRE_39	1432	1432	0	0	0
CRE_40	368	368	14047.7	38.1731	38.1731
CRE_41	766	766	0	0	0
CRE_42	761	761	0	0	0
CRE_43	1781	1781	27814.4	15.6173	15.6173
CRE_44	107	107	0	0	0
CRE_45	1087	1087	0	0	0
CRE_46	1107	1107	32028.8	28.9329	28.9329
CRE_47	514	514	47481.2	92.3759	92.3759
CRE_48	1430	1430	0	0	0
CRE_49	782	782	0	0	0
CRE_50	1162	1162	51976.5	44.7302	44.7302
CRE_51	1364	1364	96086.3	70.4445	70.4445
CRE_52	1378	1378	190908	138.54	138.54
CRE_53	954	954	0	0	0
CRE_54	453	453	101424	223.895	223.895
CRE_55	1360	1360	412862	303.575	303.575
CRE_56	435	435	7445.28	17.1156	17.1156
CRE_57	1638	1638	557974	340.644	340.644
CRE_58	673	673	0	0	0
CRE_59	526	526	13064.4	24.8372	24.8372
CRE_60	1484	1484	51836	34.9299	34.9299
CRE_61	1209	1209	19385.8	16.0346	16.0346
CRE_62	693	693	134296	193.789	193.789
CRE_63	555	555	141320	254.63	254.63
CRE_64	806	806	0	0	0
CRE_65	1139	1139	31185.9	27.3801	27.3801
CRE_66	832	832	148203	178.129	178.129
CRE_67	874	874	0	0	0
CRE_68	928	928	266625	287.311	287.311
CRE_69	907	907	0	0	0
CRE_70	966	966	81617.1	84.4898	84.4898
CRE_71	1376	1376	202427	147.113	147.113
CRE_72	565	565	19245.3	34.0626	34.0626
CRE_73	357	357	0	0	0
CRE_74	1131	1131	218722	193.389	193.389
CRE_75	403	403	44952.6	111.545	111.545
CRE_76	1532	1532	51976.5	33.9272	33.9272
CRE_77	1304	1304	165482	126.903	126.903
CRE_78	993	993	56471.8	56.8698	56.8698
CRE_79	1214	1214	0	0	0
CRE_80	989	989	28235.9	28.5499	28.5499
CRE_81	1811	1811	19666.8	10.8596	10.8596
CRE_82	1152	1152	42845.5	37.1923	37.1923
CRE_83	319	319	116174	364.183	364.183
CRE_84	1627	1627	0	0	0
CRE_85	1155	1155	8850.05	7.66238	7.66238
CRE_86	714	714	0	0	0
CRE_87	954	954	60826.5	63.7595	63.7595
CRE_88	1341	1341	0	0	0
CRE_89	667	667	0	0	0
CRE_90	1028	1028	85129.1	82.8104	82.8104
CRE_91	1007	1007	22195.4	22.0411	22.0411
CRE_92	201	201	0	0	0
CRE_93	1552	1552	0	0	0
CRE_94	1166	1166	0	0	0
CRE_95	540	540	0	0	0
CRE_96	736	736	0	0	0
CRE_97	1445	1445	0	0	0
CRE_98	961	961	0	0	0
CRE_99	1844	1844	119405	64.7535	64.7535
CRE_100	946	946	0	0	0
CRE_101	224	224	7304.8	32.6107	32.6107
CRE_102	300	300	0	0	0
CRE_103	1934	1934	45233.6	23.3886	23.3886
CRE_104	368	368	0	0	0
CRE_105	1519	1519	103532	68.1577	68.1577
CRE_106	932	932	0	0	0
CRE_107	856	856	30343	35.4475	35.4475
CRE_108	1299	1299	0	0	0
CRE_109	715	715	0	0	0
CRE_110	763	763	53662.2	70.3306	70.3306
CRE_111	1287	1287	63074.2	49.0087	49.0087
CRE_112	1291	1291	155227	120.238	120.238
CRE_113	713	713	74312.3	104.225	104.225
CRE_114	827	827	0	0	0
CRE_115	217	217	0	0	0
CRE_116	918	918	0	0	0
CRE_117	1024	1024	47200.3	46.094	46.094
CRE_118	728	728	64338.5	88.377	88.377
CRE_119	1489	1489	10114.3	6.79271	6.79271
CRE_120	1613	1613	0	0	0
CRE_121	1421	1421	0	0	0
CRE_122	1080	1080	0	0	0
CRE_123	1496	1496	0	0	0
CRE_124	225	225	0	0	0
CRE_125	1027	1027	68974.2	67.1609	67.1609
CRE_126	1783	1783	0	0	0
CRE_127	1823	1823	39333.6	21.5763	21.5763
CRE_128	1366	1366	0	0	0
CRE_129	1394	1394	58578.9	42.0222	42.0222
CRE_130	1873	1873	94260.1	50.3257	50.3257
CRE_131	290	290	32731.1	112.866	112.866
CRE_132	232	232	0	0	0
CRE_133	458	458	49167	107.351	107.351
CRE_134	1023	1023	0	0	0
CRE_135	1275	1275	0	0	0
CRE_136	1309	1309	184727	141.121	141.121
CRE_137	1661	1661	0	0	0
CRE_138	734	734	0	0	0
Mb21d2_control	1000	1000	2.02933e+06	2029.33	2029.33
Fgf12_control	1000	1000	1.04206e+06	1042.06	1042.06
Wnt3_control	1000	1000	900175	900.175	900.175
Zic3_promoter	1000	1000	81195.7	81.1957	81.1957
Rnf12_promoter	1000	1000	0	0	0
