name	size	covered	sum	mean0	mean 
CRE_1	1023	1023	422771	413.266	413.266
CRE_2	966	966	445156	460.824	460.824
CRE_3	703	703	9742.87	13.859	13.859
CRE_4	1453	1453	21457.4	14.7677	14.7677
CRE_5	928	928	0	0	0
CRE_6	769	769	26560.9	34.5395	34.5395
CRE_7	1212	1212	0	0	0
CRE_8	979	979	53121.7	54.2612	54.2612
CRE_9	806	806	8582.96	10.6488	10.6488
CRE_10	1639	1639	0	0	0
CRE_11	304	304	0	0	0
CRE_12	740	740	56137.3	75.8612	75.8612
CRE_13	1078	1078	27140.7	25.1769	25.1769
CRE_14	231	231	0	0	0
CRE_15	1149	1149	0	0	0
CRE_16	243	243	12990.4	53.4586	53.4586
CRE_17	1025	1025	0	0	0
CRE_18	885	885	33404	37.7446	37.7446
CRE_19	59	59	0	0	0
CRE_20	1356	1356	45466.5	33.5299	33.5299
CRE_21	266	266	7307.12	27.4704	27.4704
CRE_22	1766	1766	269668	152.7	152.7
CRE_23	367	367	0	0	0
CRE_24	1349	1349	0	0	0
CRE_25	1570	1570	0	0	0
CRE_26	1137	1137	0	0	0
CRE_27	1130	1130	0	0	0
CRE_28	681	681	0	0	0
CRE_29	1054	1054	0	0	0
CRE_30	1268	1268	35027.8	27.6244	27.6244
CRE_31	1838	1838	0	0	0
CRE_32	825	825	12178.5	14.7619	14.7619
CRE_33	658	658	35723.7	54.2913	54.2913
CRE_34	707	707	0	0	0
CRE_35	475	475	0	0	0
CRE_36	1607	1607	0	0	0
CRE_37	874	874	20297.6	23.2237	23.2237
CRE_38	1250	1250	24589	19.6712	19.6712
CRE_39	1432	1432	21225.4	14.8222	14.8222
CRE_40	368	368	0	0	0
CRE_41	766	766	0	0	0
CRE_42	761	761	20529.5	26.977	26.977
CRE_43	1781	1781	20297.6	11.3967	11.3967
CRE_44	107	107	0	0	0
CRE_45	1087	1087	19021.7	17.4993	17.4993
CRE_46	1107	1107	30388.3	27.4511	27.4511
CRE_47	514	514	11018.7	21.4371	21.4371
CRE_48	1430	1430	0	0	0
CRE_49	782	782	36071.7	46.1274	46.1274
CRE_50	1162	1162	0	0	0
CRE_51	1364	1364	75043.1	55.0169	55.0169
CRE_52	1378	1378	87337.6	63.38	63.38
CRE_53	954	954	0	0	0
CRE_54	453	453	77942.9	172.059	172.059
CRE_55	1360	1360	387047	284.593	284.593
CRE_56	435	435	0	0	0
CRE_57	1638	1638	310728	189.699	189.699
CRE_58	673	673	0	0	0
CRE_59	526	526	24589	46.7472	46.7472
CRE_60	1484	1484	214459	144.514	144.514
CRE_61	1209	1209	25516.9	21.1058	21.1058
CRE_62	693	693	43610.9	62.9306	62.9306
CRE_63	555	555	24473	44.0956	44.0956
CRE_64	806	806	1043.87	1.29513	1.29513
CRE_65	1139	1139	52425.8	46.0279	46.0279
CRE_66	832	832	0	0	0
CRE_67	874	874	0	0	0
CRE_68	928	928	273148	294.341	294.341
CRE_69	907	907	41407	45.6527	45.6527
CRE_70	966	966	74347.2	76.964	76.964
CRE_71	1376	1376	99864.1	72.5757	72.5757
CRE_72	565	565	209820	371.362	371.362
CRE_73	357	357	19021.7	53.2821	53.2821
CRE_74	1131	1131	203440	179.876	179.876
CRE_75	403	403	5103.38	12.6635	12.6635
CRE_76	1532	1532	86293.6	56.3274	56.3274
CRE_77	1304	1304	133732	102.555	102.555
CRE_78	993	993	0	0	0
CRE_79	1214	1214	15078.2	12.4202	12.4202
CRE_80	989	989	0	0	0
CRE_81	1811	1811	0	0	0
CRE_82	1152	1152	71331.6	61.9198	61.9198
CRE_83	319	319	9278.88	29.0874	29.0874
CRE_84	1627	1627	0	0	0
CRE_85	1155	1155	0	0	0
CRE_86	714	714	0	0	0
CRE_87	954	954	21805.4	22.8568	22.8568
CRE_88	1341	1341	28184.6	21.0176	21.0176
CRE_89	667	667	46974.3	70.4263	70.4263
CRE_90	1028	1028	31896.2	31.0274	31.0274
CRE_91	1007	1007	0	0	0
CRE_92	201	201	0	0	0
CRE_93	1552	1552	0	0	0
CRE_94	1166	1166	0	0	0
CRE_95	540	540	0	0	0
CRE_96	736	736	0	0	0
CRE_97	1445	1445	0	0	0
CRE_98	961	961	70287.6	73.1401	73.1401
CRE_99	1844	1844	268740	145.738	145.738
CRE_100	946	946	0	0	0
CRE_101	224	224	0	0	0
CRE_102	300	300	695.916	2.31972	2.31972
CRE_103	1934	1934	0	0	0
CRE_104	368	368	8930.92	24.2688	24.2688
CRE_105	1519	1519	263289	173.331	173.331
CRE_106	932	932	77478.7	83.1317	83.1317
CRE_107	856	856	0	0	0
CRE_108	1299	1299	38623.4	29.7332	29.7332
CRE_109	715	715	0	0	0
CRE_110	763	763	257142	337.014	337.014
CRE_111	1287	1287	202860	157.622	157.622
CRE_112	1291	1291	159249	123.353	123.353
CRE_113	713	713	34911.8	48.9646	48.9646
CRE_114	827	827	22269.3	26.9278	26.9278
CRE_115	217	217	0	0	0
CRE_116	918	918	0	0	0
CRE_117	1024	1024	0	0	0
CRE_118	728	728	54977.5	75.5185	75.5185
CRE_119	1489	1489	69359.8	46.5815	46.5815
CRE_120	1613	1613	0	0	0
CRE_121	1421	1421	53701.5	37.7914	37.7914
CRE_122	1080	1080	0	0	0
CRE_123	1496	1496	32708.1	21.8637	21.8637
CRE_124	225	225	0	0	0
CRE_125	1027	1027	22269.3	21.6838	21.6838
CRE_126	1783	1783	22385.3	12.5549	12.5549
CRE_127	1823	1823	91397.3	50.1357	50.1357
CRE_128	1366	1366	0	0	0
CRE_129	1394	1394	40247.2	28.8717	28.8717
CRE_130	1873	1873	21805.4	11.642	11.642
CRE_131	290	290	8350.99	28.7965	28.7965
CRE_132	232	232	31548.3	135.984	135.984
CRE_133	458	458	0	0	0
CRE_134	1023	1023	65764.3	64.2857	64.2857
CRE_135	1275	1275	15890.1	12.4628	12.4628
CRE_136	1309	1309	15078.2	11.5189	11.5189
CRE_137	1661	1661	0	0	0
CRE_138	734	734	18789.7	25.5991	25.5991
Mb21d2_control	1000	1000	1.51501e+06	1515.01	1515.01
Fgf12_control	1000	1000	957352	957.352	957.352
Wnt3_control	1000	1000	614612	614.612	614.612
Zic3_promoter	1000	1000	36883.6	36.8836	36.8836
Rnf12_promoter	1000	1000	42450.9	42.4509	42.4509
