name	size	covered	sum	mean0	mean 
CRE_1	1023	1023	438265	428.412	428.412
CRE_2	966	966	231951	240.115	240.115
CRE_3	703	703	0	0	0
CRE_4	1453	1453	0	0	0
CRE_5	928	928	0	0	0
CRE_6	769	769	79860.3	103.85	103.85
CRE_7	1212	1212	0	0	0
CRE_8	979	979	6510.91	6.65057	6.65057
CRE_9	806	806	0	0	0
CRE_10	1639	1639	19634.5	11.9795	11.9795
CRE_11	304	304	0	0	0
CRE_12	740	740	0	0	0
CRE_13	1078	1078	38455.1	35.6726	35.6726
CRE_14	231	231	0	0	0
CRE_15	1149	1149	0	0	0
CRE_16	243	243	0	0	0
CRE_17	1025	1025	11292.4	11.0169	11.0169
CRE_18	885	885	5290.12	5.97753	5.97753
CRE_19	59	59	0	0	0
CRE_20	1356	1356	95221.9	70.2226	70.2226
CRE_21	266	266	14751.3	55.456	55.456
CRE_22	1766	1766	219540	124.315	124.315
CRE_23	367	367	0	0	0
CRE_24	1349	1349	0	0	0
CRE_25	1570	1570	94001.3	59.8734	59.8734
CRE_26	1137	1137	0	0	0
CRE_27	1130	1130	0	0	0
CRE_28	681	681	0	0	0
CRE_29	1054	1054	4069.32	3.86083	3.86083
CRE_30	1268	1268	86574.8	68.2766	68.2766
CRE_31	1838	1838	22686.5	12.343	12.343
CRE_32	825	825	0	0	0
CRE_33	658	658	10783.7	16.3886	16.3886
CRE_34	707	707	6307.45	8.92142	8.92142
CRE_35	475	475	0	0	0
CRE_36	1607	1607	16277.3	10.129	10.129
CRE_37	874	874	0	0	0
CRE_38	1250	1250	193496	154.797	154.797
CRE_39	1432	1432	0	0	0
CRE_40	368	368	26654	72.4295	72.4295
CRE_41	766	766	0	0	0
CRE_42	761	761	0	0	0
CRE_43	1781	1781	8647.31	4.85531	4.85531
CRE_44	107	107	0	0	0
CRE_45	1087	1087	17294.6	15.9104	15.9104
CRE_46	1107	1107	53104.6	47.9717	47.9717
CRE_47	514	514	0	0	0
CRE_48	1430	1430	0	0	0
CRE_49	782	782	86981.7	111.23	111.23
CRE_50	1162	1162	0	0	0
CRE_51	1364	1364	123606	90.6199	90.6199
CRE_52	1378	1378	73247.8	53.1551	53.1551
CRE_53	954	954	77927.5	81.685	81.685
CRE_54	453	453	69280.1	152.936	152.936
CRE_55	1360	1360	225847	166.064	166.064
CRE_56	435	435	0	0	0
CRE_57	1638	1638	258808	158.003	158.003
CRE_58	673	673	13734	20.4071	20.4071
CRE_59	526	526	133575	253.945	253.945
CRE_60	1484	1484	191665	129.154	129.154
CRE_61	1209	1209	56970.5	47.122	47.122
CRE_62	693	693	32656.3	47.1231	47.1231
CRE_63	555	555	61446.6	110.715	110.715
CRE_64	806	806	17803.3	22.0884	22.0884
CRE_65	1139	1139	57275.7	50.2859	50.2859
CRE_66	832	832	61243.3	73.6097	73.6097
CRE_67	874	874	19837.9	22.6979	22.6979
CRE_68	928	928	394622	425.239	425.239
CRE_69	907	907	23907.3	26.3586	26.3586
CRE_70	966	966	43338.2	44.8635	44.8635
CRE_71	1376	1376	221371	160.88	160.88
CRE_72	565	565	81894.9	144.947	144.947
CRE_73	357	357	32351.1	90.6193	90.6193
CRE_74	1131	1131	147615	130.517	130.517
CRE_75	403	403	17701.5	43.9244	43.9244
CRE_76	1532	1532	28993.9	18.9255	18.9255
CRE_77	1304	1304	195632	150.025	150.025
CRE_78	993	993	0	0	0
CRE_79	1214	1214	0	0	0
CRE_80	989	989	18311.9	18.5156	18.5156
CRE_81	1811	1811	155346	85.7792	85.7792
CRE_82	1152	1152	20244.9	17.5737	17.5737
CRE_83	319	319	83522.7	261.827	261.827
CRE_84	1627	1627	181797	111.737	111.737
CRE_85	1155	1155	87592	75.8372	75.8372
CRE_86	714	714	0	0	0
CRE_87	954	954	57580.9	60.3573	60.3573
CRE_88	1341	1341	0	0	0
CRE_89	667	667	7324.78	10.9817	10.9817
CRE_90	1028	1028	51985.6	50.5696	50.5696
CRE_91	1007	1007	0	0	0
CRE_92	201	201	2543.33	12.6534	12.6534
CRE_93	1552	1552	0	0	0
CRE_94	1166	1166	0	0	0
CRE_95	540	540	30113	55.7648	55.7648
CRE_96	736	736	12411.4	16.8634	16.8634
CRE_97	1445	1445	77723.9	53.7882	53.7882
CRE_98	961	961	48119.7	50.0725	50.0725
CRE_99	1844	1844	257587	139.689	139.689
CRE_100	946	946	37336	39.4672	39.4672
CRE_101	224	224	33571.8	149.874	149.874
CRE_102	300	300	0	0	0
CRE_103	1934	1934	30214.7	15.6229	15.6229
CRE_104	368	368	32554.6	88.4635	88.4635
CRE_105	1519	1519	90440.6	59.5396	59.5396
CRE_106	932	932	82301.8	88.3066	88.3066
CRE_107	856	856	19736.2	23.0563	23.0563
CRE_108	1299	1299	0	0	0
CRE_109	715	715	0	0	0
CRE_110	763	763	120350	157.733	157.733
CRE_111	1287	1287	336024	261.091	261.091
CRE_112	1291	1291	116382	90.149	90.149
CRE_113	713	713	149344	209.458	209.458
CRE_114	827	827	190240	230.037	230.037
CRE_115	217	217	5798.78	26.7225	26.7225
CRE_116	918	918	0	0	0
CRE_117	1024	1024	38556.8	37.6531	37.6531
CRE_118	728	728	76910.1	105.646	105.646
CRE_119	1489	1489	48424.9	32.5218	32.5218
CRE_120	1613	1613	39268.9	24.3453	24.3453
CRE_121	1421	1421	25840.2	18.1845	18.1845
CRE_122	1080	1080	24314.2	22.5131	22.5131
CRE_123	1496	1496	0	0	0
CRE_124	225	225	0	0	0
CRE_125	1027	1027	0	0	0
CRE_126	1783	1783	0	0	0
CRE_127	1823	1823	163587	89.7348	89.7348
CRE_128	1366	1366	0	0	0
CRE_129	1394	1394	0	0	0
CRE_130	1873	1873	63888.3	34.1102	34.1102
CRE_131	290	290	0	0	0
CRE_132	232	232	10478.5	45.1659	45.1659
CRE_133	458	458	42727.9	93.2923	93.2923
CRE_134	1023	1023	38760.3	37.8888	37.8888
CRE_135	1275	1275	0	0	0
CRE_136	1309	1309	147716	112.847	112.847
CRE_137	1661	1661	8647.31	5.20608	5.20608
CRE_138	734	734	39472.4	53.7771	53.7771
Mb21d2_control	1000	1000	1.81654e+06	1816.54	1816.54
Fgf12_control	1000	1000	1.16026e+06	1160.26	1160.26
Wnt3_control	1000	1000	782224	782.224	782.224
Zic3_promoter	1000	1000	139272	139.272	139.272
Rnf12_promoter	1000	1000	30214.7	30.2147	30.2147
