name	size	covered	sum	mean0	mean 
CRE_1	1023	1023	419140	409.717	409.717
CRE_2	966	966	288127	298.268	298.268
CRE_3	703	703	0	0	0
CRE_4	1453	1453	9376.17	6.45297	6.45297
CRE_5	928	928	0	0	0
CRE_6	769	769	35815.3	46.5738	46.5738
CRE_7	1212	1212	15880.4	13.1026	13.1026
CRE_8	979	979	0	0	0
CRE_9	806	806	0	0	0
CRE_10	1639	1639	0	0	0
CRE_11	304	304	0	0	0
CRE_12	740	740	0	0	0
CRE_13	1078	1078	0	0	0
CRE_14	231	231	0	0	0
CRE_15	1149	1149	0	0	0
CRE_16	243	243	0	0	0
CRE_17	1025	1025	34041.4	33.2111	33.2111
CRE_18	885	885	10981.1	12.408	12.408
CRE_19	59	59	0	0	0
CRE_20	1356	1356	141403	104.279	104.279
CRE_21	266	266	0	0	0
CRE_22	1766	1766	123073	69.6901	69.6901
CRE_23	367	367	0	0	0
CRE_24	1349	1349	0	0	0
CRE_25	1570	1570	0	0	0
CRE_26	1137	1137	16978.5	14.9327	14.9327
CRE_27	1130	1130	32436.5	28.7048	28.7048
CRE_28	681	681	0	0	0
CRE_29	1054	1054	0	0	0
CRE_30	1268	1268	0	0	0
CRE_31	1838	1838	16302.7	8.86981	8.86981
CRE_32	825	825	0	0	0
CRE_33	658	658	11741.3	17.844	17.844
CRE_34	707	707	22722.4	32.1392	32.1392
CRE_35	475	475	0	0	0
CRE_36	1607	1607	9038.29	5.62432	5.62432
CRE_37	874	874	2534.1	2.89943	2.89943
CRE_38	1250	1250	106686	85.3485	85.3485
CRE_39	1432	1432	0	0	0
CRE_40	368	368	0	0	0
CRE_41	766	766	0	0	0
CRE_42	761	761	10812.2	14.2078	14.2078
CRE_43	1781	1781	54398.7	30.5439	30.5439
CRE_44	107	107	0	0	0
CRE_45	1087	1087	10474.3	9.63595	9.63595
CRE_46	1107	1107	12586	11.3695	11.3695
CRE_47	514	514	0	0	0
CRE_48	1430	1430	13092.9	9.15584	9.15584
CRE_49	782	782	30155.8	38.5624	38.5624
CRE_50	1162	1162	0	0	0
CRE_51	1364	1364	51949.1	38.0858	38.0858
CRE_52	1378	1378	13177.3	9.56264	9.56264
CRE_53	954	954	0	0	0
CRE_54	453	453	18752.3	41.3959	41.3959
CRE_55	1360	1360	182793	134.407	134.407
CRE_56	435	435	84976.8	195.349	195.349
CRE_57	1638	1638	49499.4	30.2194	30.2194
CRE_58	673	673	0	0	0
CRE_59	526	526	94184.1	179.057	179.057
CRE_60	1484	1484	308147	207.646	207.646
CRE_61	1209	1209	53047.2	43.8769	43.8769
CRE_62	693	693	75854.1	109.458	109.458
CRE_63	555	555	16049.3	28.9177	28.9177
CRE_64	806	806	49161.5	60.9945	60.9945
CRE_65	1139	1139	13261.8	11.6434	11.6434
CRE_66	832	832	47556.6	57.1594	57.1594
CRE_67	874	874	35055.1	40.1088	40.1088
CRE_68	928	928	88946.9	95.848	95.848
CRE_69	907	907	14866.7	16.3911	16.3911
CRE_70	966	966	75854.1	78.5239	78.5239
CRE_71	1376	1376	202981	147.516	147.516
CRE_72	565	565	34294.8	60.6988	60.6988
CRE_73	357	357	26439.1	74.0591	74.0591
CRE_74	1131	1131	370232	327.349	327.349
CRE_75	403	403	60480.5	150.076	150.076
CRE_76	1532	1532	34632.7	22.6062	22.6062
CRE_77	1304	1304	68843.1	52.7938	52.7938
CRE_78	993	993	21793.3	21.9469	21.9469
CRE_79	1214	1214	0	0	0
CRE_80	989	989	0	0	0
CRE_81	1811	1811	48992.6	27.0528	27.0528
CRE_82	1152	1152	0	0	0
CRE_83	319	319	108797	341.058	341.058
CRE_84	1627	1627	81344.6	49.9967	49.9967
CRE_85	1155	1155	32014.1	27.7179	27.7179
CRE_86	714	714	0	0	0
CRE_87	954	954	20357.3	21.3389	21.3389
CRE_88	1341	1341	16809.5	12.5351	12.5351
CRE_89	667	667	2365.16	3.54597	3.54597
CRE_90	1028	1028	0	0	0
CRE_91	1007	1007	0	0	0
CRE_92	201	201	0	0	0
CRE_93	1552	1552	90214	58.1276	58.1276
CRE_94	1166	1166	0	0	0
CRE_95	540	540	0	0	0
CRE_96	736	736	0	0	0
CRE_97	1445	1445	65548.7	45.3624	45.3624
CRE_98	961	961	7686.77	7.99872	7.99872
CRE_99	1844	1844	289479	156.984	156.984
CRE_100	946	946	88271.2	93.3099	93.3099
CRE_101	224	224	28888.7	128.968	128.968
CRE_102	300	300	20103.9	67.0129	67.0129
CRE_103	1934	1934	18245.5	9.43408	9.43408
CRE_104	368	368	20188.3	54.8596	54.8596
CRE_105	1519	1519	106939	70.4009	70.4009
CRE_106	932	932	17823.2	19.1236	19.1236
CRE_107	856	856	64112.7	74.8981	74.8981
CRE_108	1299	1299	0	0	0
CRE_109	715	715	0	0	0
CRE_110	763	763	148414	194.513	194.513
CRE_111	1287	1287	369556	287.145	287.145
CRE_112	1291	1291	133716	103.576	103.576
CRE_113	713	713	25932.3	36.3707	36.3707
CRE_114	827	827	90551.8	109.494	109.494
CRE_115	217	217	0	0	0
CRE_116	918	918	13261.8	14.4464	14.4464
CRE_117	1024	1024	0	0	0
CRE_118	728	728	16978.5	23.3221	23.3221
CRE_119	1489	1489	55581.3	37.3279	37.3279
CRE_120	1613	1613	15204.6	9.42629	9.42629
CRE_121	1421	1421	15964.8	11.2349	11.2349
CRE_122	1080	1080	9967.46	9.22913	9.22913
CRE_123	1496	1496	15035.7	10.0506	10.0506
CRE_124	225	225	3547.74	15.7677	15.7677
CRE_125	1027	1027	0	0	0
CRE_126	1783	1783	0	0	0
CRE_127	1823	1823	104574	57.3636	57.3636
CRE_128	1366	1366	57524.1	42.1113	42.1113
CRE_129	1394	1394	86666.2	62.1709	62.1709
CRE_130	1873	1873	71208.2	38.0183	38.0183
CRE_131	290	290	24411.8	84.1787	84.1787
CRE_132	232	232	22046.7	95.0288	95.0288
CRE_133	458	458	33534.6	73.2196	73.2196
CRE_134	1023	1023	1351.52	1.32113	1.32113
CRE_135	1275	1275	29902.4	23.4528	23.4528
CRE_136	1309	1309	13599.7	10.3894	10.3894
CRE_137	1661	1661	0	0	0
CRE_138	734	734	19428.1	26.4688	26.4688
Mb21d2_control	1000	1000	2.11006e+06	2110.06	2110.06
Fgf12_control	1000	1000	904843	904.843	904.843
Wnt3_control	1000	1000	381129	381.129	381.129
Zic3_promoter	1000	1000	47725.6	47.7256	47.7256
Rnf12_promoter	1000	1000	15964.8	15.9648	15.9648
