name	size	covered	sum	mean0	mean 
CRE_1	1023	1023	277400	271.164	271.164
CRE_2	966	966	178266	184.541	184.541
CRE_3	703	703	0	0	0
CRE_4	1453	1453	0	0	0
CRE_5	928	928	29871.2	32.1888	32.1888
CRE_6	769	769	45243.4	58.8341	58.8341
CRE_7	1212	1212	14411.5	11.8907	11.8907
CRE_8	979	979	0	0	0
CRE_9	806	806	0	0	0
CRE_10	1639	1639	0	0	0
CRE_11	304	304	46902.9	154.286	154.286
CRE_12	740	740	80966.6	109.414	109.414
CRE_13	1078	1078	0	0	0
CRE_14	231	231	0	0	0
CRE_15	1149	1149	15896.4	13.835	13.835
CRE_16	243	243	0	0	0
CRE_17	1025	1025	0	0	0
CRE_18	885	885	87.3427	0.0986923	0.0986923
CRE_19	59	59	11354.5	192.45	192.45
CRE_20	1356	1356	138613	102.222	102.222
CRE_21	266	266	13188.7	49.5818	49.5818
CRE_22	1766	1766	250149	141.647	141.647
CRE_23	367	367	11878.6	32.3668	32.3668
CRE_24	1349	1349	0	0	0
CRE_25	1570	1570	0	0	0
CRE_26	1137	1137	7336.79	6.45276	6.45276
CRE_27	1130	1130	0	0	0
CRE_28	681	681	38430.8	56.4329	56.4329
CRE_29	1054	1054	17468.5	16.5736	16.5736
CRE_30	1268	1268	0	0	0
CRE_31	1838	1838	19215.4	10.4545	10.4545
CRE_32	825	825	13101.4	15.8805	15.8805
CRE_33	658	658	0	0	0
CRE_34	707	707	0	0	0
CRE_35	475	475	0	0	0
CRE_36	1607	1607	0	0	0
CRE_37	874	874	0	0	0
CRE_38	1250	1250	43234.6	34.5877	34.5877
CRE_39	1432	1432	0	0	0
CRE_40	368	368	0	0	0
CRE_41	766	766	32666.2	42.6451	42.6451
CRE_42	761	761	24106.6	31.6775	31.6775
CRE_43	1781	1781	0	0	0
CRE_44	107	107	0	0	0
CRE_45	1087	1087	7162.1	6.58887	6.58887
CRE_46	1107	1107	34151	30.85	30.85
CRE_47	514	514	33452.2	65.0822	65.0822
CRE_48	1430	1430	0	0	0
CRE_49	782	782	23757.2	30.3801	30.3801
CRE_50	1162	1162	48387.8	41.6418	41.6418
CRE_51	1364	1364	315744	231.484	231.484
CRE_52	1378	1378	299323	217.216	217.216
CRE_53	954	954	39085.8	40.9705	40.9705
CRE_54	453	453	126560	279.381	279.381
CRE_55	1360	1360	639785	470.43	470.43
CRE_56	435	435	178266	409.808	409.808
CRE_57	1638	1638	1.37163e+06	837.381	837.381
CRE_58	673	673	44282.7	65.799	65.799
CRE_59	526	526	106558	202.582	202.582
CRE_60	1484	1484	275654	185.75	185.75
CRE_61	1209	1209	106995	88.4985	88.4985
CRE_62	693	693	67079.1	96.7953	96.7953
CRE_63	555	555	23582.5	42.4909	42.4909
CRE_64	806	806	77997	96.7705	96.7705
CRE_65	1139	1139	116515	102.296	102.296
CRE_66	832	832	30569.9	36.7427	36.7427
CRE_67	874	874	52580.2	60.1604	60.1604
CRE_68	928	928	276090	297.511	297.511
CRE_69	907	907	33626.9	37.0749	37.0749
CRE_70	966	966	179227	185.535	185.535
CRE_71	1376	1376	134595	97.816	97.816
CRE_72	565	565	58082.8	102.801	102.801
CRE_73	357	357	107344	300.684	300.684
CRE_74	1131	1131	161060	142.405	142.405
CRE_75	403	403	0	0	0
CRE_76	1532	1532	54589.2	35.6326	35.6326
CRE_77	1304	1304	90574.3	69.4588	69.4588
CRE_78	993	993	32316.7	32.5445	32.5445
CRE_79	1214	1214	0	0	0
CRE_80	989	989	0	0	0
CRE_81	1811	1811	75114.6	41.4769	41.4769
CRE_82	1152	1152	0	0	0
CRE_83	319	319	100881	316.241	316.241
CRE_84	1627	1627	52842.3	32.4783	32.4783
CRE_85	1155	1155	64109.5	55.5061	55.5061
CRE_86	714	714	0	0	0
CRE_87	954	954	39828.3	41.7487	41.7487
CRE_88	1341	1341	29347.1	21.8845	21.8845
CRE_89	667	667	0	0	0
CRE_90	1028	1028	58344.9	56.7557	56.7557
CRE_91	1007	1007	13625.5	13.5307	13.5307
CRE_92	201	201	0	0	0
CRE_93	1552	1552	19215.4	12.3811	12.3811
CRE_94	1166	1166	0	0	0
CRE_95	540	540	0	0	0
CRE_96	736	736	26464.8	35.9577	35.9577
CRE_97	1445	1445	17555.9	12.1494	12.1494
CRE_98	961	961	39216.9	40.8084	40.8084
CRE_99	1844	1844	152151	82.5113	82.5113
CRE_100	946	946	0	0	0
CRE_101	224	224	4978.53	22.2256	22.2256
CRE_102	300	300	0	0	0
CRE_103	1934	1934	37732	19.5098	19.5098
CRE_104	368	368	190407	517.411	517.411
CRE_105	1519	1519	106820	70.3226	70.3226
CRE_106	932	932	38343.4	41.141	41.141
CRE_107	856	856	74939.9	87.5467	87.5467
CRE_108	1299	1299	16420.4	12.6408	12.6408
CRE_109	715	715	0	0	0
CRE_110	763	763	50571.4	66.2796	66.2796
CRE_111	1287	1287	220453	171.292	171.292
CRE_112	1291	1291	74590.6	57.7773	57.7773
CRE_113	713	713	60179.1	84.4027	84.4027
CRE_114	827	827	102453	123.885	123.885
CRE_115	217	217	7598.81	35.0176	35.0176
CRE_116	918	918	0	0	0
CRE_117	1024	1024	41487.7	40.5154	40.5154
CRE_118	728	728	36683.9	50.39	50.39
CRE_119	1489	1489	65157.6	43.7593	43.7593
CRE_120	1613	1613	46204.3	28.6449	28.6449
CRE_121	1421	1421	0	0	0
CRE_122	1080	1080	20088.8	18.6008	18.6008
CRE_123	1496	1496	0	0	0
CRE_124	225	225	0	0	0
CRE_125	1027	1027	30220.5	29.426	29.426
CRE_126	1783	1783	0	0	0
CRE_127	1823	1823	191630	105.118	105.118
CRE_128	1366	1366	8559.58	6.26617	6.26617
CRE_129	1394	1394	36072.5	25.877	25.877
CRE_130	1873	1873	80879.2	43.1816	43.1816
CRE_131	290	290	38867.4	134.026	134.026
CRE_132	232	232	43583.9	187.862	187.862
CRE_133	458	458	29347.1	64.0767	64.0767
CRE_134	1023	1023	55811.9	54.5571	54.5571
CRE_135	1275	1275	164379	128.925	128.925
CRE_136	1309	1309	168135	128.445	128.445
CRE_137	1661	1661	16158.4	9.72811	9.72811
CRE_138	734	734	0	0	0
Mb21d2_control	1000	1000	1.48614e+06	1486.14	1486.14
Fgf12_control	1000	1000	1.08646e+06	1086.46	1086.46
Wnt3_control	1000	1000	1.37705e+06	1377.05	1377.05
Zic3_promoter	1000	1000	49523.3	49.5233	49.5233
Rnf12_promoter	1000	1000	0	0	0
