name	size	covered	sum	mean0	mean 
CRE_1	1023	1023	512508	500.986	500.986
CRE_2	966	966	390818	404.574	404.574
CRE_3	703	703	18962.5	26.9736	26.9736
CRE_4	1453	1453	21398	14.7268	14.7268
CRE_5	928	928	0	0	0
CRE_6	769	769	20354.2	26.4684	26.4684
CRE_7	1212	1212	19658.3	16.2198	16.2198
CRE_8	979	979	0	0	0
CRE_9	806	806	0	0	0
CRE_10	1639	1639	0	0	0
CRE_11	304	304	0	0	0
CRE_12	740	740	0	0	0
CRE_13	1078	1078	0	0	0
CRE_14	231	231	0	0	0
CRE_15	1149	1149	14352.3	12.4911	12.4911
CRE_16	243	243	0	0	0
CRE_17	1025	1025	53234.1	51.9357	51.9357
CRE_18	885	885	0	0	0
CRE_19	59	59	0	0	0
CRE_20	1356	1356	105772	78.0032	78.0032
CRE_21	266	266	21311	80.1167	80.1167
CRE_22	1766	1766	253732	143.676	143.676
CRE_23	367	367	9916.15	27.0195	27.0195
CRE_24	1349	1349	0	0	0
CRE_25	1570	1570	0	0	0
CRE_26	1137	1137	56104.6	49.3444	49.3444
CRE_27	1130	1130	0	0	0
CRE_28	681	681	14526.3	21.3308	21.3308
CRE_29	1054	1054	0	0	0
CRE_30	1268	1268	81590.8	64.3461	64.3461
CRE_31	1838	1838	34271.6	18.6461	18.6461
CRE_32	825	825	0	0	0
CRE_33	658	658	0	0	0
CRE_34	707	707	0	0	0
CRE_35	475	475	0	0	0
CRE_36	1607	1607	8785.36	5.46693	5.46693
CRE_37	874	874	0	0	0
CRE_38	1250	1250	72631.5	58.1052	58.1052
CRE_39	1432	1432	5914.9	4.13052	4.13052
CRE_40	368	368	0	0	0
CRE_41	766	766	0	0	0
CRE_42	761	761	33140.8	43.5491	43.5491
CRE_43	1781	1781	0	0	0
CRE_44	107	107	0	0	0
CRE_45	1087	1087	0	0	0
CRE_46	1107	1107	0	0	0
CRE_47	514	514	32445	63.1226	63.1226
CRE_48	1430	1430	0	0	0
CRE_49	782	782	21572	27.5857	27.5857
CRE_50	1162	1162	0	0	0
CRE_51	1364	1364	108643	79.6502	79.6502
CRE_52	1378	1378	149351	108.383	108.383
CRE_53	954	954	21832.9	22.8857	22.8857
CRE_54	453	453	77676.5	171.471	171.471
CRE_55	1360	1360	495373	364.245	364.245
CRE_56	435	435	4175.22	9.59821	9.59821
CRE_57	1638	1638	299572	182.889	182.889
CRE_58	673	673	0	0	0
CRE_59	526	526	119864	227.878	227.878
CRE_60	1484	1484	76023.9	51.2291	51.2291
CRE_61	1209	1209	0	0	0
CRE_62	693	693	5653.95	8.15865	8.15865
CRE_63	555	555	0	0	0
CRE_64	806	806	21398	26.5484	26.5484
CRE_65	1139	1139	19049.5	16.7247	16.7247
CRE_66	832	832	19571.4	23.5233	23.5233
CRE_67	874	874	53060.1	60.7094	60.7094
CRE_68	928	928	185014	199.369	199.369
CRE_69	907	907	43144	47.5678	47.5678
CRE_70	966	966	22528.8	23.3217	23.3217
CRE_71	1376	1376	179361	130.349	130.349
CRE_72	565	565	23224.7	41.1056	41.1056
CRE_73	357	357	44187.7	123.775	123.775
CRE_74	1131	1131	160746	142.127	142.127
CRE_75	403	403	20093.3	49.8592	49.8592
CRE_76	1532	1532	63063.3	41.164	41.164
CRE_77	1304	1304	183188	140.482	140.482
CRE_78	993	993	19745.3	19.8845	19.8845
CRE_79	1214	1214	0	0	0
CRE_80	989	989	20702.2	20.9324	20.9324
CRE_81	1811	1811	34358.6	18.9722	18.9722
CRE_82	1152	1152	31488.1	27.3335	27.3335
CRE_83	319	319	169357	530.901	530.901
CRE_84	1627	1627	42448.1	26.0898	26.0898
CRE_85	1155	1155	24355.5	21.087	21.087
CRE_86	714	714	0	0	0
CRE_87	954	954	99248.6	104.034	104.034
CRE_88	1341	1341	67673.4	50.4649	50.4649
CRE_89	667	667	6436.8	9.65038	9.65038
CRE_90	1028	1028	59323.1	57.7073	57.7073
CRE_91	1007	1007	6262.83	6.2193	6.2193
CRE_92	201	201	2783.49	13.8482	13.8482
CRE_93	1552	1552	15657.1	10.0883	10.0883
CRE_94	1166	1166	0	0	0
CRE_95	540	540	14004.4	25.9341	25.9341
CRE_96	736	736	0	0	0
CRE_97	1445	1445	0	0	0
CRE_98	961	961	68195.4	70.963	70.963
CRE_99	1844	1844	206673	112.079	112.079
CRE_100	946	946	0	0	0
CRE_101	224	224	19484.4	86.9838	86.9838
CRE_102	300	300	21572	71.9067	71.9067
CRE_103	1934	1934	0	0	0
CRE_104	368	368	40273.5	109.439	109.439
CRE_105	1519	1519	168488	110.92	110.92
CRE_106	932	932	40099.6	43.0253	43.0253
CRE_107	856	856	47058.2	54.9746	54.9746
CRE_108	1299	1299	16266	12.5219	12.5219
CRE_109	715	715	10177.1	14.2337	14.2337
CRE_110	763	763	68717.2	90.0618	90.0618
CRE_111	1287	1287	226680	176.13	176.13
CRE_112	1291	1291	211980	164.198	164.198
CRE_113	713	713	46014.5	64.5364	64.5364
CRE_114	827	827	173620	209.939	209.939
CRE_115	217	217	4697.13	21.6457	21.6457
CRE_116	918	918	0	0	0
CRE_117	1024	1024	19397.4	18.9428	18.9428
CRE_118	728	728	0	0	0
CRE_119	1489	1489	35228.4	23.6591	23.6591
CRE_120	1613	1613	0	0	0
CRE_121	1421	1421	0	0	0
CRE_122	1080	1080	0	0	0
CRE_123	1496	1496	36794.1	24.595	24.595
CRE_124	225	225	14787.2	65.7211	65.7211
CRE_125	1027	1027	33227.9	32.3543	32.3543
CRE_126	1783	1783	0	0	0
CRE_127	1823	1823	140392	77.0115	77.0115
CRE_128	1366	1366	173.968	0.127355	0.127355
CRE_129	1394	1394	12438.7	8.92302	8.92302
CRE_130	1873	1873	169966	90.7456	90.7456
CRE_131	290	290	5479.98	18.8965	18.8965
CRE_132	232	232	26443.1	113.979	113.979
CRE_133	458	458	15483.1	33.8059	33.8059
CRE_134	1023	1023	21485	21.002	21.002
CRE_135	1275	1275	17135.8	13.4399	13.4399
CRE_136	1309	1309	68195.3	52.0972	52.0972
CRE_137	1661	1661	14178.4	8.53604	8.53604
CRE_138	734	734	18092.6	24.6494	24.6494
Mb21d2_control	1000	1000	1.69366e+06	1693.66	1693.66
Fgf12_control	1000	1000	832522	832.522	832.522
Wnt3_control	1000	1000	1.0392e+06	1039.2	1039.2
Zic3_promoter	1000	1000	50885.6	50.8856	50.8856
Rnf12_promoter	1000	1000	0	0	0
