name	size	covered	sum	mean0	mean 
CRE_1	1023	1023	468654	458.118	458.118
CRE_2	966	966	338157	350.059	350.059
CRE_3	703	703	29338.6	41.7334	41.7334
CRE_4	1453	1453	26370.8	18.1492	18.1492
CRE_5	928	928	50282.6	54.1839	54.1839
CRE_6	769	769	0	0	0
CRE_7	1212	1212	0	0	0
CRE_8	979	979	0	0	0
CRE_9	806	806	10768.8	13.3608	13.3608
CRE_10	1639	1639	34511	21.0561	21.0561
CRE_11	304	304	81401.8	267.769	267.769
CRE_12	740	740	24844.5	33.5737	33.5737
CRE_13	1078	1078	0	0	0
CRE_14	231	231	0	0	0
CRE_15	1149	1149	19163.4	16.6783	16.6783
CRE_16	243	243	0	0	0
CRE_17	1025	1025	15093.3	14.7251	14.7251
CRE_18	885	885	19332.9	21.8451	21.8451
CRE_19	59	59	5002.82	84.7936	84.7936
CRE_20	1356	1356	23572.6	17.3839	17.3839
CRE_21	266	266	0	0	0
CRE_22	1766	1766	180780	102.367	102.367
CRE_23	367	367	0	0	0
CRE_24	1349	1349	63001.6	46.7025	46.7025
CRE_25	1570	1570	0	0	0
CRE_26	1137	1137	0	0	0
CRE_27	1130	1130	0	0	0
CRE_28	681	681	0	0	0
CRE_29	1054	1054	0	0	0
CRE_30	1268	1268	33069.5	26.08	26.08
CRE_31	1838	1838	0	0	0
CRE_32	825	825	0	0	0
CRE_33	658	658	0	0	0
CRE_34	707	707	50367.4	71.241	71.241
CRE_35	475	475	0	0	0
CRE_36	1607	1607	0	0	0
CRE_37	874	874	0	0	0
CRE_38	1250	1250	6444.31	5.15545	5.15545
CRE_39	1432	1432	2628.6	1.83562	1.83562
CRE_40	368	368	41548.8	112.904	112.904
CRE_41	766	766	0	0	0
CRE_42	761	761	0	0	0
CRE_43	1781	1781	23487.8	13.188	13.188
CRE_44	107	107	0	0	0
CRE_45	1087	1087	0	0	0
CRE_46	1107	1107	0	0	0
CRE_47	514	514	0	0	0
CRE_48	1430	1430	8140.19	5.69244	5.69244
CRE_49	782	782	25438.1	32.5295	32.5295
CRE_50	1162	1162	0	0	0
CRE_51	1364	1364	684030	501.488	501.488
CRE_52	1378	1378	256585	186.201	186.201
CRE_53	954	954	51300.1	53.7737	53.7737
CRE_54	453	453	84539.1	186.621	186.621
CRE_55	1360	1360	511645	376.209	376.209
CRE_56	435	435	162295	373.092	373.092
CRE_57	1638	1638	1.59107e+06	971.347	971.347
CRE_58	673	673	101837	151.318	151.318
CRE_59	526	526	115489	219.56	219.56
CRE_60	1484	1484	477642	321.861	321.861
CRE_61	1209	1209	20011.3	16.5519	16.5519
CRE_62	693	693	74279.2	107.185	107.185
CRE_63	555	555	0	0	0
CRE_64	806	806	102855	127.611	127.611
CRE_65	1139	1139	21198.4	18.6114	18.6114
CRE_66	832	832	56981.3	68.4871	68.4871
CRE_67	874	874	17213.1	19.6946	19.6946
CRE_68	928	928	116846	125.911	125.911
CRE_69	907	907	0	0	0
CRE_70	966	966	80977.8	83.828	83.828
CRE_71	1376	1376	198417	144.198	144.198
CRE_72	565	565	30440.9	53.8777	53.8777
CRE_73	357	357	60118.6	168.4	168.4
CRE_74	1131	1131	149491	132.176	132.176
CRE_75	403	403	0	0	0
CRE_76	1532	1532	69446	45.3303	45.3303
CRE_77	1304	1304	55624.6	42.6569	42.6569
CRE_78	993	993	107349	108.105	108.105
CRE_79	1214	1214	17721.9	14.5979	14.5979
CRE_80	989	989	16365.2	16.5472	16.5472
CRE_81	1811	1811	37224.4	20.5546	20.5546
CRE_82	1152	1152	107264	93.1109	93.1109
CRE_83	319	319	110656	346.883	346.883
CRE_84	1627	1627	118711	72.9631	72.9631
CRE_85	1155	1155	51724.1	44.7828	44.7828
CRE_86	714	714	0	0	0
CRE_87	954	954	0	0	0
CRE_88	1341	1341	98360.6	73.3487	73.3487
CRE_89	667	667	0	0	0
CRE_90	1028	1028	28829.8	28.0446	28.0446
CRE_91	1007	1007	45110.2	44.7966	44.7966
CRE_92	201	201	0	0	0
CRE_93	1552	1552	11871.1	7.64891	7.64891
CRE_94	1166	1166	0	0	0
CRE_95	540	540	0	0	0
CRE_96	736	736	0	0	0
CRE_97	1445	1445	47908.4	33.1546	33.1546
CRE_98	961	961	19587.3	20.3822	20.3822
CRE_99	1844	1844	201893	109.487	109.487
CRE_100	946	946	53759.1	56.8278	56.8278
CRE_101	224	224	3561.33	15.8988	15.8988
CRE_102	300	300	0	0	0
CRE_103	1934	1934	17637.1	9.11948	9.11948
CRE_104	368	368	61305.8	166.592	166.592
CRE_105	1519	1519	164924	108.574	108.574
CRE_106	932	932	57320.5	61.5027	61.5027
CRE_107	856	856	15178.1	17.7314	17.7314
CRE_108	1299	1299	32306.3	24.8702	24.8702
CRE_109	715	715	0	0	0
CRE_110	763	763	252600	331.062	331.062
CRE_111	1287	1287	148134	115.1	115.1
CRE_112	1291	1291	124986	96.8131	96.8131
CRE_113	713	713	119898	168.16	168.16
CRE_114	827	827	159836	193.272	193.272
CRE_115	217	217	12719	58.6131	58.6131
CRE_116	918	918	0	0	0
CRE_117	1024	1024	15262.8	14.9051	14.9051
CRE_118	728	728	49095.5	67.4389	67.4389
CRE_119	1489	1489	25607.7	17.1979	17.1979
CRE_120	1613	1613	117100	72.5976	72.5976
CRE_121	1421	1421	29423.4	20.7061	20.7061
CRE_122	1080	1080	0	0	0
CRE_123	1496	1496	35104.5	23.4656	23.4656
CRE_124	225	225	37054.8	164.688	164.688
CRE_125	1027	1027	30525.7	29.7232	29.7232
CRE_126	1783	1783	16873.9	9.46378	9.46378
CRE_127	1823	1823	200961	110.236	110.236
CRE_128	1366	1366	17043.5	12.477	12.477
CRE_129	1394	1394	0	0	0
CRE_130	1873	1873	105229	56.182	56.182
CRE_131	290	290	70293.8	242.393	242.393
CRE_132	232	232	0	0	0
CRE_133	458	458	67156.5	146.63	146.63
CRE_134	1023	1023	107518	105.101	105.101
CRE_135	1275	1275	55285.4	43.3611	43.3611
CRE_136	1309	1309	98106.1	74.9474	74.9474
CRE_137	1661	1661	5765.96	3.47138	3.47138
CRE_138	734	734	3561.33	4.85195	4.85195
Mb21d2_control	1000	1000	1.65093e+06	1650.93	1650.93
Fgf12_control	1000	1000	1.28556e+06	1285.56	1285.56
Wnt3_control	1000	1000	711079	711.079	711.079
Zic3_promoter	1000	1000	59779.5	59.7795	59.7795
Rnf12_promoter	1000	1000	66054.2	66.0542	66.0542
