name	size	covered	sum	mean0	mean 
CRE_1	1023	1023	309313	302.359	302.359
CRE_2	966	966	301521	312.133	312.133
CRE_3	703	703	50441.4	71.7517	71.7517
CRE_4	1453	1453	43367.2	29.8467	29.8467
CRE_5	928	928	0	0	0
CRE_6	769	769	80993.5	105.323	105.323
CRE_7	1212	1212	40291.7	33.244	33.244
CRE_8	979	979	0	0	0
CRE_9	806	806	0	0	0
CRE_10	1639	1639	0	0	0
CRE_11	304	304	0	0	0
CRE_12	740	740	0	0	0
CRE_13	1078	1078	0	0	0
CRE_14	231	231	0	0	0
CRE_15	1149	1149	18761.7	16.3287	16.3287
CRE_16	243	243	0	0	0
CRE_17	1025	1025	0	0	0
CRE_18	885	885	23067.7	26.0652	26.0652
CRE_19	59	59	0	0	0
CRE_20	1356	1356	93398.8	68.8782	68.8782
CRE_21	266	266	0	0	0
CRE_22	1766	1766	234061	132.537	132.537
CRE_23	367	367	0	0	0
CRE_24	1349	1349	0	0	0
CRE_25	1570	1570	0	0	0
CRE_26	1137	1137	40394.1	35.5269	35.5269
CRE_27	1130	1130	0	0	0
CRE_28	681	681	24605.5	36.1315	36.1315
CRE_29	1054	1054	0	0	0
CRE_30	1268	1268	11892.7	9.37908	9.37908
CRE_31	1838	1838	33217.5	18.0726	18.0726
CRE_32	825	825	0	0	0
CRE_33	658	658	0	0	0
CRE_34	707	707	0	0	0
CRE_35	475	475	5741.29	12.0869	12.0869
CRE_36	1607	1607	0	0	0
CRE_37	874	874	0	0	0
CRE_38	1250	1250	0	0	0
CRE_39	1432	1432	44700.2	31.2153	31.2153
CRE_40	368	368	0	0	0
CRE_41	766	766	101396	132.37	132.37
CRE_42	761	761	20914.7	27.4832	27.4832
CRE_43	1781	1781	48288.5	27.1131	27.1131
CRE_44	107	107	0	0	0
CRE_45	1087	1087	0	0	0
CRE_46	1107	1107	45212.7	40.8425	40.8425
CRE_47	514	514	0	0	0
CRE_48	1430	1430	0	0	0
CRE_49	782	782	51876.6	66.3384	66.3384
CRE_50	1162	1162	47160.7	40.5858	40.5858
CRE_51	1364	1364	587868	430.988	430.988
CRE_52	1378	1378	265535	192.696	192.696
CRE_53	954	954	44085.1	46.2108	46.2108
CRE_54	453	453	102728	226.773	226.773
CRE_55	1360	1360	406300	298.75	298.75
CRE_56	435	435	229447	527.465	527.465
CRE_57	1638	1638	1.42138e+06	867.755	867.755
CRE_58	673	673	13225.5	19.6515	19.6515
CRE_59	526	526	240417	457.067	457.067
CRE_60	1484	1484	641181	432.063	432.063
CRE_61	1209	1209	0	0	0
CRE_62	693	693	38548.7	55.6258	55.6258
CRE_63	555	555	19274.3	34.7285	34.7285
CRE_64	806	806	36088.1	44.7744	44.7744
CRE_65	1139	1139	65717.4	57.6975	57.6975
CRE_66	832	832	17839	21.4411	21.4411
CRE_67	874	874	8816.98	10.0881	10.0881
CRE_68	928	928	204021	219.85	219.85
CRE_69	907	907	55362.7	61.0393	61.0393
CRE_70	966	966	46750.5	48.396	48.396
CRE_71	1376	1376	172444	125.323	125.323
CRE_72	565	565	70843.6	125.387	125.387
CRE_73	357	357	52184.3	146.175	146.175
CRE_74	1131	1131	273327	241.668	241.668
CRE_75	403	403	5126.15	12.72	12.72
CRE_76	1532	1532	20812.2	13.585	13.585
CRE_77	1304	1304	148556	113.924	113.924
CRE_78	993	993	5228.67	5.26553	5.26553
CRE_79	1214	1214	0	0	0
CRE_80	989	989	29731.7	30.0624	30.0624
CRE_81	1811	1811	86529.6	47.78	47.78
CRE_82	1152	1152	20504.7	17.7992	17.7992
CRE_83	319	319	120260	376.99	376.99
CRE_84	1627	1627	88272.5	54.2548	54.2548
CRE_85	1155	1155	0	0	0
CRE_86	714	714	0	0	0
CRE_87	954	954	0	0	0
CRE_88	1341	1341	20299.6	15.1376	15.1376
CRE_89	667	667	0	0	0
CRE_90	1028	1028	0	0	0
CRE_91	1007	1007	3280.74	3.25793	3.25793
CRE_92	201	201	9534.64	47.436	47.436
CRE_93	1552	1552	0	0	0
CRE_94	1166	1166	0	0	0
CRE_95	540	540	0	0	0
CRE_96	736	736	0	0	0
CRE_97	1445	1445	7689.23	5.32126	5.32126
CRE_98	961	961	11277.5	11.7352	11.7352
CRE_99	1844	1844	213864	115.978	115.978
CRE_100	946	946	67152.8	70.9861	70.9861
CRE_101	224	224	32807.4	146.462	146.462
CRE_102	300	300	0	0	0
CRE_103	1934	1934	126001	65.1505	65.1505
CRE_104	368	368	54850	149.049	149.049
CRE_105	1519	1519	171316	112.782	112.782
CRE_106	932	932	76482.3	82.0626	82.0626
CRE_107	856	856	26348.4	30.7809	30.7809
CRE_108	1299	1299	23990.4	18.4683	18.4683
CRE_109	715	715	0	0	0
CRE_110	763	763	141995	186.101	186.101
CRE_111	1287	1287	203919	158.445	158.445
CRE_112	1291	1291	202073	156.525	156.525
CRE_113	713	713	69408.3	97.3468	97.3468
CRE_114	827	827	85401.9	103.267	103.267
CRE_115	217	217	0	0	0
CRE_116	918	918	78738	85.7712	85.7712
CRE_117	1024	1024	34755.3	33.9407	33.9407
CRE_118	728	728	19274.3	26.4757	26.4757
CRE_119	1489	1489	45007.6	30.2267	30.2267
CRE_120	1613	1613	113493	70.3616	70.3616
CRE_121	1421	1421	0	0	0
CRE_122	1080	1080	24708	22.8778	22.8778
CRE_123	1496	1496	59771.1	39.9539	39.9539
CRE_124	225	225	16813.9	74.7282	74.7282
CRE_125	1027	1027	0	0	0
CRE_126	1783	1783	0	0	0
CRE_127	1823	1823	40906.7	22.4392	22.4392
CRE_128	1366	1366	71356.1	52.2373	52.2373
CRE_129	1394	1394	90015.5	64.5735	64.5735
CRE_130	1873	1873	37215.8	19.8696	19.8696
CRE_131	290	290	0	0	0
CRE_132	232	232	34140.3	147.156	147.156
CRE_133	458	458	109392	238.848	238.848
CRE_134	1023	1023	112878	110.34	110.34
CRE_135	1275	1275	0	0	0
CRE_136	1309	1309	42444.5	32.4252	32.4252
CRE_137	1661	1661	14353.2	8.64131	8.64131
CRE_138	734	734	9534.64	12.99	12.99
Mb21d2_control	1000	1000	1.96937e+06	1969.37	1969.37
Fgf12_control	1000	1000	1.0687e+06	1068.7	1068.7
Wnt3_control	1000	1000	977354	977.354	977.354
Zic3_promoter	1000	1000	104676	104.676	104.676
Rnf12_promoter	1000	1000	4818.58	4.81858	4.81858
