name	size	covered	sum	mean0	mean 
CRE_1	1023	1023	439371	429.493	429.493
CRE_2	966	966	183746	190.213	190.213
CRE_3	703	703	242.836	0.345428	0.345428
CRE_4	1453	1453	5504.28	3.78822	3.78822
CRE_5	928	928	0	0	0
CRE_6	769	769	120204	156.312	156.312
CRE_7	1212	1212	18374.6	15.1605	15.1605
CRE_8	979	979	38934.7	39.7699	39.7699
CRE_9	806	806	16270	20.1861	20.1861
CRE_10	1639	1639	15703.4	9.5811	9.5811
CRE_11	304	304	0	0	0
CRE_12	740	740	0	0	0
CRE_13	1078	1078	18536.5	17.1952	17.1952
CRE_14	231	231	0	0	0
CRE_15	1149	1149	25416.9	22.1208	22.1208
CRE_16	243	243	0	0	0
CRE_17	1025	1025	28330.9	27.6399	27.6399
CRE_18	885	885	19345.9	21.8598	21.8598
CRE_19	59	59	0	0	0
CRE_20	1356	1356	69046.4	50.9192	50.9192
CRE_21	266	266	0	0	0
CRE_22	1766	1766	157034	88.9208	88.9208
CRE_23	367	367	0	0	0
CRE_24	1349	1349	0	0	0
CRE_25	1570	1570	25335.9	16.1375	16.1375
CRE_26	1137	1137	0	0	0
CRE_27	1130	1130	5180.5	4.58451	4.58451
CRE_28	681	681	0	0	0
CRE_29	1054	1054	25416.8	24.1146	24.1146
CRE_30	1268	1268	0	0	0
CRE_31	1838	1838	48971.9	26.6441	26.6441
CRE_32	825	825	0	0	0
CRE_33	658	658	0	0	0
CRE_34	707	707	2914.03	4.12168	4.12168
CRE_35	475	475	0	0	0
CRE_36	1607	1607	7446.97	4.63408	4.63408
CRE_37	874	874	0	0	0
CRE_38	1250	1250	66375.2	53.1001	53.1001
CRE_39	1432	1432	16755.7	11.7009	11.7009
CRE_40	368	368	0	0	0
CRE_41	766	766	0	0	0
CRE_42	761	761	0	0	0
CRE_43	1781	1781	27359.6	15.3619	15.3619
CRE_44	107	107	0	0	0
CRE_45	1087	1087	33349.5	30.6804	30.6804
CRE_46	1107	1107	34078.1	30.7842	30.7842
CRE_47	514	514	73336.4	142.678	142.678
CRE_48	1430	1430	0	0	0
CRE_49	782	782	0	0	0
CRE_50	1162	1162	13598.8	11.7029	11.7029
CRE_51	1364	1364	218391	160.11	160.11
CRE_52	1378	1378	49700.5	36.0671	36.0671
CRE_53	954	954	5828.06	6.10908	6.10908
CRE_54	453	453	0	0	0
CRE_55	1360	1360	200907	147.725	147.725
CRE_56	435	435	49133.8	112.951	112.951
CRE_57	1638	1638	285413	174.245	174.245
CRE_58	673	673	0	0	0
CRE_59	526	526	42496.3	80.7915	80.7915
CRE_60	1484	1484	147725	99.5453	99.5453
CRE_61	1209	1209	53504.8	44.2555	44.2555
CRE_62	693	693	23312.2	33.6396	33.6396
CRE_63	555	555	52290.7	94.2176	94.2176
CRE_64	806	806	37963.4	47.101	47.101
CRE_65	1139	1139	33835.2	29.706	29.706
CRE_66	832	832	33025.7	39.6943	39.6943
CRE_67	874	874	39987	45.7517	45.7517
CRE_68	928	928	89930.3	96.9077	96.9077
CRE_69	907	907	64756.3	71.3962	71.3962
CRE_70	966	966	145540	150.662	150.662
CRE_71	1376	1376	89768.5	65.2387	65.2387
CRE_72	565	565	16917.6	29.9426	29.9426
CRE_73	357	357	122632	343.508	343.508
CRE_74	1131	1131	231908	205.047	205.047
CRE_75	403	403	18455.5	45.7954	45.7954
CRE_76	1532	1532	47272.1	30.8564	30.8564
CRE_77	1304	1304	170714	130.916	130.916
CRE_78	993	993	0	0	0
CRE_79	1214	1214	20236.3	16.6691	16.6691
CRE_80	989	989	0	0	0
CRE_81	1811	1811	18617.4	10.2802	10.2802
CRE_82	1152	1152	33673.2	29.2302	29.2302
CRE_83	319	319	118585	371.74	371.74
CRE_84	1627	1627	71393.9	43.8807	43.8807
CRE_85	1155	1155	57471.2	49.7586	49.7586
CRE_86	714	714	0	0	0
CRE_87	954	954	31487.7	33.006	33.006
CRE_88	1341	1341	16027.2	11.9517	11.9517
CRE_89	667	667	0	0	0
CRE_90	1028	1028	0	0	0
CRE_91	1007	1007	83373.7	82.7941	82.7941
CRE_92	201	201	27683.4	137.728	137.728
CRE_93	1552	1552	39501.3	25.4519	25.4519
CRE_94	1166	1166	8499.26	7.28924	7.28924
CRE_95	540	540	0	0	0
CRE_96	736	736	0	0	0
CRE_97	1445	1445	52209.8	36.1313	36.1313
CRE_98	961	961	13517.9	14.0665	14.0665
CRE_99	1844	1844	308564	167.334	167.334
CRE_100	946	946	73093.7	77.2661	77.2661
CRE_101	224	224	0	0	0
CRE_102	300	300	10361	34.5367	34.5367
CRE_103	1934	1934	0	0	0
CRE_104	368	368	96405.9	261.973	261.973
CRE_105	1519	1519	90254.1	59.4168	59.4168
CRE_106	932	932	0	0	0
CRE_107	856	856	62489.9	73.0022	73.0022
CRE_108	1299	1299	41282.1	31.7799	31.7799
CRE_109	715	715	0	0	0
CRE_110	763	763	68803.7	90.1752	90.1752
CRE_111	1287	1287	259268	201.451	201.451
CRE_112	1291	1291	167071	129.412	129.412
CRE_113	713	713	25902.5	36.3289	36.3289
CRE_114	827	827	16836.6	20.3587	20.3587
CRE_115	217	217	0	0	0
CRE_116	918	918	0	0	0
CRE_117	1024	1024	85640.2	83.633	83.633
CRE_118	728	728	68722.6	94.3992	94.3992
CRE_119	1489	1489	0	0	0
CRE_120	1613	1613	15055.8	9.33405	9.33405
CRE_121	1421	1421	38449.1	27.0578	27.0578
CRE_122	1080	1080	0	0	0
CRE_123	1496	1496	0	0	0
CRE_124	225	225	0	0	0
CRE_125	1027	1027	15379.6	14.9753	14.9753
CRE_126	1783	1783	0	0	0
CRE_127	1823	1823	131374	72.0649	72.0649
CRE_128	1366	1366	61842.2	45.2725	45.2725
CRE_129	1394	1394	27359.6	19.6267	19.6267
CRE_130	1873	1873	67832.2	36.2158	36.2158
CRE_131	290	290	0	0	0
CRE_132	232	232	0	0	0
CRE_133	458	458	22340.9	48.7793	48.7793
CRE_134	1023	1023	47595.9	46.5258	46.5258
CRE_135	1275	1275	27359.6	21.4585	21.4585
CRE_136	1309	1309	122309	93.4366	93.4366
CRE_137	1661	1661	1214.18	0.730993	0.730993
CRE_138	734	734	0	0	0
Mb21d2_control	1000	1000	1.63882e+06	1638.82	1638.82
Fgf12_control	1000	1000	1.33754e+06	1337.54	1337.54
Wnt3_control	1000	1000	1.11567e+06	1115.67	1115.67
Zic3_promoter	1000	1000	108224	108.224	108.224
Rnf12_promoter	1000	1000	57147.5	57.1475	57.1475
