name	size	covered	sum	mean0	mean 
CRE_1	1023	1023	256473	250.707	250.707
CRE_2	966	966	274477	284.138	284.138
CRE_3	703	703	24462.1	34.7968	34.7968
CRE_4	1453	1453	40415.7	27.8154	27.8154
CRE_5	928	928	0	0	0
CRE_6	769	769	34946	45.4434	45.4434
CRE_7	1212	1212	53330.5	44.0021	44.0021
CRE_8	979	979	16789.2	17.1494	17.1494
CRE_9	806	806	0	0	0
CRE_10	1639	1639	0	0	0
CRE_11	304	304	0	0	0
CRE_12	740	740	13902.4	18.787	18.787
CRE_13	1078	1078	0	0	0
CRE_14	231	231	31147.5	134.838	134.838
CRE_15	1149	1149	0	0	0
CRE_16	243	243	0	0	0
CRE_17	1025	1025	1975.2	1.92703	1.92703
CRE_18	885	885	0	0	0
CRE_19	59	59	4482.19	75.9694	75.9694
CRE_20	1356	1356	5393.83	3.97775	3.97775
CRE_21	266	266	0	0	0
CRE_22	1766	1766	139936	79.2388	79.2388
CRE_23	367	367	14738.1	40.1582	40.1582
CRE_24	1349	1349	30159.9	22.3572	22.3572
CRE_25	1570	1570	18232.7	11.6132	11.6132
CRE_26	1137	1137	19524.1	17.1716	17.1716
CRE_27	1130	1130	22183.1	19.631	19.631
CRE_28	681	681	44745.9	65.7062	65.7062
CRE_29	1054	1054	8812.45	8.36096	8.36096
CRE_30	1268	1268	95265.7	75.1306	75.1306
CRE_31	1838	1838	37452.9	20.377	20.377
CRE_32	825	825	11091.5	13.4443	13.4443
CRE_33	658	658	31679.2	48.1447	48.1447
CRE_34	707	707	0	0	0
CRE_35	475	475	0	0	0
CRE_36	1607	1607	0	0	0
CRE_37	874	874	0	0	0
CRE_38	1250	1250	19296.2	15.437	15.437
CRE_39	1432	1432	16941.2	11.8304	11.8304
CRE_40	368	368	3418.62	9.28974	9.28974
CRE_41	766	766	0	0	0
CRE_42	761	761	35933.6	47.2189	47.2189
CRE_43	1781	1781	13522.6	7.59267	7.59267
CRE_44	107	107	0	0	0
CRE_45	1087	1087	0	0	0
CRE_46	1107	1107	13446.6	12.1469	12.1469
CRE_47	514	514	3646.53	7.09442	7.09442
CRE_48	1430	1430	13218.7	9.24383	9.24383
CRE_49	782	782	73386.4	93.8445	93.8445
CRE_50	1162	1162	32590.9	28.0472	28.0472
CRE_51	1364	1364	398384	292.07	292.07
CRE_52	1378	1378	186467	135.317	135.317
CRE_53	954	954	163638	171.528	171.528
CRE_54	453	453	26437.4	58.3606	58.3606
CRE_55	1360	1360	237328	174.506	174.506
CRE_56	435	435	200255	460.357	460.357
CRE_57	1638	1638	1.11014e+06	677.742	677.742
CRE_58	673	673	33882.4	50.3453	50.3453
CRE_59	526	526	183694	349.228	349.228
CRE_60	1484	1484	434393	292.718	292.718
CRE_61	1209	1209	15725.7	13.0072	13.0072
CRE_62	693	693	34794	50.2078	50.2078
CRE_63	555	555	0	0	0
CRE_64	806	806	28108.7	34.8743	34.8743
CRE_65	1139	1139	115398	101.315	101.315
CRE_66	832	832	11471.4	13.7877	13.7877
CRE_67	874	874	0	0	0
CRE_68	928	928	185365	199.747	199.747
CRE_69	907	907	31223.4	34.4249	34.4249
CRE_70	966	966	90479.6	93.6642	93.6642
CRE_71	1376	1376	159460	115.886	115.886
CRE_72	565	565	42618.9	75.4316	75.4316
CRE_73	357	357	29020.3	81.2894	81.2894
CRE_74	1131	1131	124058	109.689	109.689
CRE_75	403	403	3722.5	9.23697	9.23697
CRE_76	1532	1532	81667.1	53.3075	53.3075
CRE_77	1304	1304	190759	146.288	146.288
CRE_78	993	993	60167.8	60.5919	60.5919
CRE_79	1214	1214	47708.8	39.2989	39.2989
CRE_80	989	989	5773.67	5.83789	5.83789
CRE_81	1811	1811	47329	26.1342	26.1342
CRE_82	1152	1152	59711.9	51.8333	51.8333
CRE_83	319	319	96861.1	303.64	303.64
CRE_84	1627	1627	22486.9	13.8211	13.8211
CRE_85	1155	1155	27121.1	23.4815	23.4815
CRE_86	714	714	0	0	0
CRE_87	954	954	18004.7	18.8729	18.8729
CRE_88	1341	1341	14206.3	10.5938	10.5938
CRE_89	667	667	0	0	0
CRE_90	1028	1028	47405	46.1138	46.1138
CRE_91	1007	1007	30235.8	30.0256	30.0256
CRE_92	201	201	15269.8	75.9694	75.9694
CRE_93	1552	1552	15421.8	9.93672	9.93672
CRE_94	1166	1166	14282.2	12.2489	12.2489
CRE_95	540	540	0	0	0
CRE_96	736	736	8888.42	12.0767	12.0767
CRE_97	1445	1445	21195.5	14.6681	14.6681
CRE_98	961	961	33654.5	35.0202	35.0202
CRE_99	1844	1844	342926	185.969	185.969
CRE_100	946	946	110384	116.685	116.685
CRE_101	224	224	6381.44	28.4886	28.4886
CRE_102	300	300	16257.5	54.1915	54.1915
CRE_103	1934	1934	0	0	0
CRE_104	368	368	47253	128.405	128.405
CRE_105	1519	1519	121475	79.9705	79.9705
CRE_106	932	932	42466.9	45.5654	45.5654
CRE_107	856	856	0	0	0
CRE_108	1299	1299	22562.9	17.3694	17.3694
CRE_109	715	715	15117.9	21.1439	21.1439
CRE_110	763	763	187189	245.332	245.332
CRE_111	1287	1287	93062.6	72.3097	72.3097
CRE_112	1291	1291	66093.4	51.1955	51.1955
CRE_113	713	713	23398.6	32.8171	32.8171
CRE_114	827	827	63358.5	76.6125	76.6125
CRE_115	217	217	29932	137.935	137.935
CRE_116	918	918	8736.48	9.51686	9.51686
CRE_117	1024	1024	0	0	0
CRE_118	728	728	85389.6	117.293	117.293
CRE_119	1489	1489	36921.1	24.7959	24.7959
CRE_120	1613	1613	80147.7	49.6886	49.6886
CRE_121	1421	1421	36389.3	25.6083	25.6083
CRE_122	1080	1080	0	0	0
CRE_123	1496	1496	36313.4	24.2737	24.2737
CRE_124	225	225	0	0	0
CRE_125	1027	1027	12762.9	12.4273	12.4273
CRE_126	1783	1783	0	0	0
CRE_127	1823	1823	0	0	0
CRE_128	1366	1366	16105.5	11.7903	11.7903
CRE_129	1394	1394	145102	104.09	104.09
CRE_130	1873	1873	16409.4	8.76102	8.76102
CRE_131	290	290	9116.33	31.4356	31.4356
CRE_132	232	232	21195.5	91.3598	91.3598
CRE_133	458	458	12459	27.203	27.203
CRE_134	1023	1023	0	0	0
CRE_135	1275	1275	26893.2	21.0927	21.0927
CRE_136	1309	1309	133022	101.621	101.621
CRE_137	1661	1661	42770.8	25.75	25.75
CRE_138	734	734	57736.8	78.6604	78.6604
Mb21d2_control	1000	1000	1.7245e+06	1724.5	1724.5
Fgf12_control	1000	1000	931993	931.993	931.993
Wnt3_control	1000	1000	847059	847.059	847.059
Zic3_promoter	1000	1000	106737	106.737	106.737
Rnf12_promoter	1000	1000	10635.7	10.6357	10.6357
