name	size	covered	sum	mean0	mean 
CRE_1	1023	1023	399668	390.683	390.683
CRE_2	966	966	373285	386.423	386.423
CRE_3	703	703	0	0	0
CRE_4	1453	1453	111179	76.5168	76.5168
CRE_5	928	928	0	0	0
CRE_6	769	769	17396.9	22.6227	22.6227
CRE_7	1212	1212	46314.8	38.2135	38.2135
CRE_8	979	979	55416.5	56.6052	56.6052
CRE_9	806	806	0	0	0
CRE_10	1639	1639	0	0	0
CRE_11	304	304	26037.7	85.6503	85.6503
CRE_12	740	740	36867.7	49.8212	49.8212
CRE_13	1078	1078	90210.5	83.6832	83.6832
CRE_14	231	231	0	0	0
CRE_15	1149	1149	0	0	0
CRE_16	243	243	0	0	0
CRE_17	1025	1025	0	0	0
CRE_18	885	885	77998.1	88.1335	88.1335
CRE_19	59	59	13595	230.423	230.423
CRE_20	1356	1356	86523.6	63.8079	63.8079
CRE_21	266	266	0	0	0
CRE_22	1766	1766	125235	70.9143	70.9143
CRE_23	367	367	15553.5	42.3801	42.3801
CRE_24	1349	1349	13940.5	10.334	10.334
CRE_25	1570	1570	0	0	0
CRE_26	1137	1137	0	0	0
CRE_27	1130	1130	23848.7	21.105	21.105
CRE_28	681	681	0	0	0
CRE_29	1054	1054	17166.4	16.2869	16.2869
CRE_30	1268	1268	11751.5	9.26776	9.26776
CRE_31	1838	1838	0	0	0
CRE_32	825	825	0	0	0
CRE_33	658	658	0	0	0
CRE_34	707	707	0	0	0
CRE_35	475	475	0	0	0
CRE_36	1607	1607	0	0	0
CRE_37	874	874	4838.86	5.53646	5.53646
CRE_38	1250	1250	44817.1	35.8537	35.8537
CRE_39	1432	1432	79611	55.5943	55.5943
CRE_40	368	368	25461.6	69.1892	69.1892
CRE_41	766	766	0	0	0
CRE_42	761	761	0	0	0
CRE_43	1781	1781	0	0	0
CRE_44	107	107	0	0	0
CRE_45	1087	1087	31337.4	28.8292	28.8292
CRE_46	1107	1107	0	0	0
CRE_47	514	514	0	0	0
CRE_48	1430	1430	0	0	0
CRE_49	782	782	11175.5	14.2909	14.2909
CRE_50	1162	1162	12558	10.8072	10.8072
CRE_51	1364	1364	377894	277.048	277.048
CRE_52	1378	1378	647661	470.001	470.001
CRE_53	954	954	47582.1	49.8765	49.8765
CRE_54	453	453	171665	378.951	378.951
CRE_55	1360	1360	885170	650.86	650.86
CRE_56	435	435	524559	1205.88	1205.88
CRE_57	1638	1638	1.97138e+06	1203.53	1203.53
CRE_58	673	673	133415	198.239	198.239
CRE_59	526	526	270056	513.414	513.414
CRE_60	1484	1484	389760	262.642	262.642
CRE_61	1209	1209	57259.9	47.3613	47.3613
CRE_62	693	693	67053	96.7576	96.7576
CRE_63	555	555	0	0	0
CRE_64	806	806	0	0	0
CRE_65	1139	1139	44356.2	38.9431	38.9431
CRE_66	832	832	17396.9	20.9097	20.9097
CRE_67	874	874	63251	72.3696	72.3696
CRE_68	928	928	94242.9	101.555	101.555
CRE_69	907	907	66822.6	73.6743	73.6743
CRE_70	966	966	57720.9	59.7525	59.7525
CRE_71	1376	1376	119013	86.4922	86.4922
CRE_72	565	565	101616	179.852	179.852
CRE_73	357	357	27650.7	77.453	77.453
CRE_74	1131	1131	229962	203.326	203.326
CRE_75	403	403	20853.2	51.745	51.745
CRE_76	1532	1532	80878.3	52.7926	52.7926
CRE_77	1304	1304	194246	148.962	148.962
CRE_78	993	993	41821.6	42.1164	42.1164
CRE_79	1214	1214	21659.7	17.8416	17.8416
CRE_80	989	989	0	0	0
CRE_81	1811	1811	64633.4	35.6894	35.6894
CRE_82	1152	1152	32028.8	27.8028	27.8028
CRE_83	319	319	140788	441.343	441.343
CRE_84	1627	1627	23157.4	14.2332	14.2332
CRE_85	1155	1155	3571.54	3.09224	3.09224
CRE_86	714	714	0	0	0
CRE_87	954	954	0	0	0
CRE_88	1341	1341	0	0	0
CRE_89	667	667	0	0	0
CRE_90	1028	1028	23157.4	22.5267	22.5267
CRE_91	1007	1007	54379.8	54.0018	54.0018
CRE_92	201	201	0	0	0
CRE_93	1552	1552	0	0	0
CRE_94	1166	1166	0	0	0
CRE_95	540	540	0	0	0
CRE_96	736	736	0	0	0
CRE_97	1445	1445	47582.1	32.9288	32.9288
CRE_98	961	961	0	0	0
CRE_99	1844	1844	285955	155.073	155.073
CRE_100	946	946	65209.6	68.932	68.932
CRE_101	224	224	25807.3	115.211	115.211
CRE_102	300	300	0	0	0
CRE_103	1934	1934	27996.3	14.4758	14.4758
CRE_104	368	368	0	0	0
CRE_105	1519	1519	169706	111.722	111.722
CRE_106	932	932	0	0	0
CRE_107	856	856	0	0	0
CRE_108	1299	1299	29954.9	23.0599	23.0599
CRE_109	715	715	0	0	0
CRE_110	763	763	101040	132.425	132.425
CRE_111	1287	1287	106916	83.0737	83.0737
CRE_112	1291	1291	176965	137.076	137.076
CRE_113	713	713	53112.3	74.4913	74.4913
CRE_114	827	827	51269.1	61.994	61.994
CRE_115	217	217	49771.3	229.361	229.361
CRE_116	918	918	52766.9	57.4802	57.4802
CRE_117	1024	1024	69933.3	68.2942	68.2942
CRE_118	728	728	59218.5	81.3441	81.3441
CRE_119	1489	1489	83412.8	56.0193	56.0193
CRE_120	1613	1613	119474	74.0695	74.0695
CRE_121	1421	1421	6336.6	4.45926	4.45926
CRE_122	1080	1080	0	0	0
CRE_123	1496	1496	43549.9	29.1109	29.1109
CRE_124	225	225	0	0	0
CRE_125	1027	1027	44817.1	43.6388	43.6388
CRE_126	1783	1783	8871.25	4.97546	4.97546
CRE_127	1823	1823	178462	97.8949	97.8949
CRE_128	1366	1366	105073	76.9201	76.9201
CRE_129	1394	1394	17051.2	12.2319	12.2319
CRE_130	1873	1873	24424.7	13.0404	13.0404
CRE_131	290	290	24885.6	85.8124	85.8124
CRE_132	232	232	27765.9	119.68	119.68
CRE_133	458	458	99542.6	217.342	217.342
CRE_134	1023	1023	24885.6	24.3261	24.3261
CRE_135	1275	1275	15553.5	12.1988	12.1988
CRE_136	1309	1309	61177.3	46.7359	46.7359
CRE_137	1661	1661	0	0	0
CRE_138	734	734	0	0	0
Mb21d2_control	1000	1000	1.86792e+06	1867.92	1867.92
Fgf12_control	1000	1000	1.49245e+06	1492.45	1492.45
Wnt3_control	1000	1000	822379	822.379	822.379
Zic3_promoter	1000	1000	9562.51	9.56251	9.56251
Rnf12_promoter	1000	1000	19816.3	19.8163	19.8163
