name	size	covered	sum	mean0	mean 
CRE_1	1023	1023	292939	286.353	286.353
CRE_2	966	966	430966	446.134	446.134
CRE_3	703	703	0	0	0
CRE_4	1453	1453	0	0	0
CRE_5	928	928	0	0	0
CRE_6	769	769	147444	191.735	191.735
CRE_7	1212	1212	151991	125.405	125.405
CRE_8	979	979	66252.3	67.6735	67.6735
CRE_9	806	806	0	0	0
CRE_10	1639	1639	59432.2	36.2612	36.2612
CRE_11	304	304	34100.5	112.173	112.173
CRE_12	740	740	784961	1060.76	1060.76
CRE_13	1078	1078	122112	113.276	113.276
CRE_14	231	231	0	0	0
CRE_15	1149	1149	79892.4	69.5321	69.5321
CRE_16	243	243	0	0	0
CRE_17	1025	1025	0	0	0
CRE_18	885	885	27605.1	31.1922	31.1922
CRE_19	59	59	0	0	0
CRE_20	1356	1356	214995	158.551	158.551
CRE_21	266	266	65602.8	246.627	246.627
CRE_22	1766	1766	338731	191.807	191.807
CRE_23	367	367	0	0	0
CRE_24	1349	1349	0	0	0
CRE_25	1570	1570	20785	13.2389	13.2389
CRE_26	1137	1137	164332	144.531	144.531
CRE_27	1130	1130	0	0	0
CRE_28	681	681	138675	203.634	203.634
CRE_29	1054	1054	0	0	0
CRE_30	1268	1268	105549	83.2405	83.2405
CRE_31	1838	1838	0	0	0
CRE_32	825	825	0	0	0
CRE_33	658	658	0	0	0
CRE_34	707	707	83464.9	118.055	118.055
CRE_35	475	475	0	0	0
CRE_36	1607	1607	0	0	0
CRE_37	874	874	0	0	0
CRE_38	1250	1250	383224	306.58	306.58
CRE_39	1432	1432	73721.9	51.4818	51.4818
CRE_40	368	368	0	0	0
CRE_41	766	766	0	0	0
CRE_42	761	761	59757	78.5243	78.5243
CRE_43	1781	1781	115617	64.9167	64.9167
CRE_44	107	107	0	0	0
CRE_45	1087	1087	0	0	0
CRE_46	1107	1107	22733.6	20.5362	20.5362
CRE_47	514	514	0	0	0
CRE_48	1430	1430	0	0	0
CRE_49	782	782	691752	884.594	884.594
CRE_50	1162	1162	93857.5	80.7724	80.7724
CRE_51	1364	1364	575486	421.911	421.911
CRE_52	1378	1378	208175	151.07	151.07
CRE_53	954	954	148093	155.234	155.234
CRE_54	453	453	161084	355.594	355.594
CRE_55	1360	1360	372183	273.664	273.664
CRE_56	435	435	248446	571.141	571.141
CRE_57	1638	1638	3.5393e+06	2160.75	2160.75
CRE_58	673	673	24357.4	36.1923	36.1923
CRE_59	526	526	507286	964.422	964.422
CRE_60	1484	1484	1.20813e+06	814.104	814.104
CRE_61	1209	1209	231883	191.797	191.797
CRE_62	693	693	5845.79	8.43548	8.43548
CRE_63	555	555	57808.4	104.159	104.159
CRE_64	806	806	279949	347.331	347.331
CRE_65	1139	1139	126659	111.202	111.202
CRE_66	832	832	0	0	0
CRE_67	874	874	0	0	0
CRE_68	928	928	630696	679.629	679.629
CRE_69	907	907	0	0	0
CRE_70	966	966	231558	239.708	239.708
CRE_71	1376	1376	269231	195.662	195.662
CRE_72	565	565	0	0	0
CRE_73	357	357	0	0	0
CRE_74	1131	1131	107822	95.3336	95.3336
CRE_75	403	403	0	0	0
CRE_76	1532	1532	0	0	0
CRE_77	1304	1304	62355.1	47.8183	47.8183
CRE_78	993	993	0	0	0
CRE_79	1214	1214	38322.4	31.5671	31.5671
CRE_80	989	989	0	0	0
CRE_81	1811	1811	44168.2	24.3888	24.3888
CRE_82	1152	1152	0	0	0
CRE_83	319	319	232533	728.943	728.943
CRE_84	1627	1627	0	0	0
CRE_85	1155	1155	139974	121.19	121.19
CRE_86	714	714	0	0	0
CRE_87	954	954	93207.8	97.7021	97.7021
CRE_88	1341	1341	75345.8	56.1863	56.1863
CRE_89	667	667	171477	257.087	257.087
CRE_90	1028	1028	372508	362.362	362.362
CRE_91	1007	1007	100678	99.9777	99.9777
CRE_92	201	201	0	0	0
CRE_93	1552	1552	52936.9	34.1088	34.1088
CRE_94	1166	1166	0	0	0
CRE_95	540	540	132180	244.777	244.777
CRE_96	736	736	0	0	0
CRE_97	1445	1445	112044	77.5393	77.5393
CRE_98	961	961	26630.8	27.7116	27.7116
CRE_99	1844	1844	0	0	0
CRE_100	946	946	62679.8	66.2578	66.2578
CRE_101	224	224	0	0	0
CRE_102	300	300	0	0	0
CRE_103	1934	1934	0	0	0
CRE_104	368	368	0	0	0
CRE_105	1519	1519	379327	249.722	249.722
CRE_106	932	932	0	0	0
CRE_107	856	856	0	0	0
CRE_108	1299	1299	57483.6	44.2522	44.2522
CRE_109	715	715	0	0	0
CRE_110	763	763	481954	631.656	631.656
CRE_111	1287	1287	133154	103.461	103.461
CRE_112	1291	1291	250720	194.206	194.206
CRE_113	713	713	259488	363.939	363.939
CRE_114	827	827	185766	224.627	224.627
CRE_115	217	217	54885.5	252.928	252.928
CRE_116	918	918	0	0	0
CRE_117	1024	1024	70474.2	68.8225	68.8225
CRE_118	728	728	0	0	0
CRE_119	1489	1489	64953.2	43.622	43.622
CRE_120	1613	1613	0	0	0
CRE_121	1421	1421	203304	143.071	143.071
CRE_122	1080	1080	0	0	0
CRE_123	1496	1496	76969.5	51.4502	51.4502
CRE_124	225	225	0	0	0
CRE_125	1027	1027	0	0	0
CRE_126	1783	1783	0	0	0
CRE_127	1823	1823	130881	71.7942	71.7942
CRE_128	1366	1366	70799	51.8294	51.8294
CRE_129	1394	1394	380627	273.046	273.046
CRE_130	1873	1873	302032	161.256	161.256
CRE_131	290	290	20135.5	69.4327	69.4327
CRE_132	232	232	85088.8	366.762	366.762
CRE_133	458	458	0	0	0
CRE_134	1023	1023	49364.4	48.2546	48.2546
CRE_135	1275	1275	0	0	0
CRE_136	1309	1309	0	0	0
CRE_137	1661	1661	104575	62.9588	62.9588
CRE_138	734	734	64628.4	88.0496	88.0496
Mb21d2_control	1000	1000	2.70985e+06	2709.85	2709.85
Fgf12_control	1000	1000	1.59493e+06	1594.93	1594.93
Wnt3_control	1000	1000	1.97913e+06	1979.13	1979.13
Zic3_promoter	1000	1000	255266	255.266	255.266
