name	size	covered	sum	mean0	mean 
CRE_1	1023	1023	529070	517.175	517.175
CRE_2	966	966	279183	289.009	289.009
CRE_3	703	703	58590.8	83.3439	83.3439
CRE_4	1453	1453	90139.7	62.0369	62.0369
CRE_5	928	928	0	0	0
CRE_6	769	769	249136	323.974	323.974
CRE_7	1212	1212	218088	179.941	179.941
CRE_8	979	979	181281	185.17	185.17
CRE_9	806	806	0	0	0
CRE_10	1639	1639	0	0	0
CRE_11	304	304	168261	553.49	553.49
CRE_12	740	740	421904	570.141	570.141
CRE_13	1078	1078	0	0	0
CRE_14	231	231	0	0	0
CRE_15	1149	1149	0	0	0
CRE_16	243	243	32550.4	133.952	133.952
CRE_17	1025	1025	0	0	0
CRE_18	885	885	104662	118.262	118.262
CRE_19	59	59	0	0	0
CRE_20	1356	1356	182032	134.242	134.242
CRE_21	266	266	28043.5	105.427	105.427
CRE_22	1766	1766	224097	126.895	126.895
CRE_23	367	367	0	0	0
CRE_24	1349	1349	125445	92.9908	92.9908
CRE_25	1570	1570	0	0	0
CRE_26	1137	1137	43066.7	37.8775	37.8775
CRE_27	1130	1130	93144.3	82.4286	82.4286
CRE_28	681	681	0	0	0
CRE_29	1054	1054	0	0	0
CRE_30	1268	1268	133457	105.25	105.25
CRE_31	1838	1838	0	0	0
CRE_32	825	825	0	0	0
CRE_33	658	658	60844.3	92.4685	92.4685
CRE_34	707	707	11768.2	16.6453	16.6453
CRE_35	475	475	0	0	0
CRE_36	1607	1607	136211	84.7611	84.7611
CRE_37	874	874	0	0	0
CRE_38	1250	1250	190045	152.036	152.036
CRE_39	1432	1432	0	0	0
CRE_40	368	368	310732	844.379	844.379
CRE_41	766	766	0	0	0
CRE_42	761	761	211578	278.026	278.026
CRE_43	1781	1781	0	0	0
CRE_44	107	107	25038.8	234.007	234.007
CRE_45	1087	1087	19780.7	18.1975	18.1975
CRE_46	1107	1107	202814	183.211	183.211
CRE_47	514	514	71861.4	139.808	139.808
CRE_48	1430	1430	0	0	0
CRE_49	782	782	43817.9	56.0331	56.0331
CRE_50	1162	1162	67104.1	57.7488	57.7488
CRE_51	1364	1364	173519	127.213	127.213
CRE_52	1378	1378	139717	101.391	101.391
CRE_53	954	954	0	0	0
CRE_54	453	453	0	0	0
CRE_55	1360	1360	351796	258.673	258.673
CRE_56	435	435	181281	416.738	416.738
CRE_57	1638	1638	3.61035e+06	2204.12	2204.12
CRE_58	673	673	0	0	0
CRE_59	526	526	648255	1232.42	1232.42
CRE_60	1484	1484	1.63779e+06	1103.63	1103.63
CRE_61	1209	1209	180780	149.529	149.529
CRE_62	693	693	22034.1	31.7953	31.7953
CRE_63	555	555	0	0	0
CRE_64	806	806	0	0	0
CRE_65	1139	1139	0	0	0
CRE_66	832	832	0	0	0
CRE_67	874	874	1001.55	1.14594	1.14594
CRE_68	928	928	763684	822.935	822.935
CRE_69	907	907	0	0	0
CRE_70	966	966	146728	151.892	151.892
CRE_71	1376	1376	362562	263.49	263.49
CRE_72	565	565	149482	264.57	264.57
CRE_73	357	357	18779.1	52.6025	52.6025
CRE_74	1131	1131	256398	226.7	226.7
CRE_75	403	403	0	0	0
CRE_76	1532	1532	77870.7	50.8294	50.8294
CRE_77	1304	1304	153989	118.089	118.089
CRE_78	993	993	0	0	0
CRE_79	1214	1214	0	0	0
CRE_80	989	989	0	0	0
CRE_81	1811	1811	0	0	0
CRE_82	1152	1152	0	0	0
CRE_83	319	319	117683	368.911	368.911
CRE_84	1627	1627	211328	129.888	129.888
CRE_85	1155	1155	250639	217.003	217.003
CRE_86	714	714	0	0	0
CRE_87	954	954	98652.9	103.41	103.41
CRE_88	1341	1341	0	0	0
CRE_89	667	667	165757	248.511	248.511
CRE_90	1028	1028	0	0	0
CRE_91	1007	1007	0	0	0
CRE_92	201	201	0	0	0
CRE_93	1552	1552	0	0	0
CRE_94	1166	1166	0	0	0
CRE_95	540	540	0	0	0
CRE_96	736	736	0	0	0
CRE_97	1445	1445	57338.9	39.6809	39.6809
CRE_98	961	961	26290.7	27.3577	27.3577
CRE_99	1844	1844	2503.88	1.35785	1.35785
CRE_100	946	946	42816.3	45.2604	45.2604
CRE_101	224	224	0	0	0
CRE_102	300	300	0	0	0
CRE_103	1934	1934	0	0	0
CRE_104	368	368	18278.3	49.6694	49.6694
CRE_105	1519	1519	270169	177.86	177.86
CRE_106	932	932	64349.7	69.0448	69.0448
CRE_107	856	856	24538	28.6659	28.6659
CRE_108	1299	1299	48074.6	37.0089	37.0089
CRE_109	715	715	0	0	0
CRE_110	763	763	55586.1	72.8521	72.8521
CRE_111	1287	1287	79873.8	62.062	62.062
CRE_112	1291	1291	411388	318.658	318.658
CRE_113	713	713	210076	294.636	294.636
CRE_114	827	827	323251	390.872	390.872
CRE_115	217	217	0	0	0
CRE_116	918	918	0	0	0
CRE_117	1024	1024	0	0	0
CRE_118	728	728	63598.6	87.3606	87.3606
CRE_119	1489	1489	0	0	0
CRE_120	1613	1613	184286	114.25	114.25
CRE_121	1421	1421	0	0	0
CRE_122	1080	1080	0	0	0
CRE_123	1496	1496	0	0	0
CRE_124	225	225	8012.42	35.6107	35.6107
CRE_125	1027	1027	0	0	0
CRE_126	1783	1783	0	0	0
CRE_127	1823	1823	336021	184.323	184.323
CRE_128	1366	1366	238370	174.502	174.502
CRE_129	1394	1394	242626	174.05	174.05
CRE_130	1873	1873	39561.3	21.1219	21.1219
CRE_131	290	290	74866	258.159	258.159
CRE_132	232	232	0	0	0
CRE_133	458	458	26290.7	57.4034	57.4034
CRE_134	1023	1023	112675	110.141	110.141
CRE_135	1275	1275	61094.7	47.9174	47.9174
CRE_136	1309	1309	0	0	0
CRE_137	1661	1661	144474	86.9801	86.9801
CRE_138	734	734	48575.3	66.1788	66.1788
Mb21d2_control	1000	1000	1.57594e+06	1575.94	1575.94
Fgf12_control	1000	1000	1.30678e+06	1306.78	1306.78
Wnt3_control	1000	1000	1.93275e+06	1932.75	1932.75
Zic3_promoter	1000	1000	94897.1	94.8971	94.8971
