name	size	covered	sum	mean0	mean 
CRE_1	1023	1023	121064	118.342	118.342
CRE_2	966	966	128630	133.158	133.158
CRE_3	703	703	116683	165.979	165.979
CRE_4	1453	1453	75266.6	51.8008	51.8008
CRE_5	928	928	0	0	0
CRE_6	769	769	0	0	0
CRE_7	1212	1212	242924	200.432	200.432
CRE_8	979	979	239738	244.881	244.881
CRE_9	806	806	0	0	0
CRE_10	1639	1639	0	0	0
CRE_11	304	304	242127	796.471	796.471
CRE_12	740	740	358412	484.341	484.341
CRE_13	1078	1078	0	0	0
CRE_14	231	231	84426	365.481	365.481
CRE_15	1149	1149	0	0	0
CRE_16	243	243	0	0	0
CRE_17	1025	1025	1592.94	1.55409	1.55409
CRE_18	885	885	0	0	0
CRE_19	59	59	0	0	0
CRE_20	1356	1356	0	0	0
CRE_21	266	266	0	0	0
CRE_22	1766	1766	74071.9	41.9433	41.9433
CRE_23	367	367	0	0	0
CRE_24	1349	1349	36239.5	26.864	26.864
CRE_25	1570	1570	140577	89.5397	89.5397
CRE_26	1137	1137	0	0	0
CRE_27	1130	1130	77257.8	68.3697	68.3697
CRE_28	681	681	94780	139.178	139.178
CRE_29	1054	1054	141772	134.509	134.509
CRE_30	1268	1268	102745	81.0291	81.0291
CRE_31	1838	1838	0	0	0
CRE_32	825	825	0	0	0
CRE_33	658	658	0	0	0
CRE_34	707	707	0	0	0
CRE_35	475	475	0	0	0
CRE_36	1607	1607	94780.2	58.9796	58.9796
CRE_37	874	874	0	0	0
CRE_38	1250	1250	408591	326.873	326.873
CRE_39	1432	1432	56151.3	39.2118	39.2118
CRE_40	368	368	0	0	0
CRE_41	766	766	0	0	0
CRE_42	761	761	0	0	0
CRE_43	1781	1781	148940	83.6272	83.6272
CRE_44	107	107	0	0	0
CRE_45	1087	1087	0	0	0
CRE_46	1107	1107	88806.6	80.2228	80.2228
CRE_47	514	514	0	0	0
CRE_48	1430	1430	0	0	0
CRE_49	782	782	627620	802.583	802.583
CRE_50	1162	1162	0	0	0
CRE_51	1364	1364	55753	40.8747	40.8747
CRE_52	1378	1378	0	0	0
CRE_53	954	954	0	0	0
CRE_54	453	453	0	0	0
CRE_55	1360	1360	307836	226.35	226.35
CRE_56	435	435	0	0	0
CRE_57	1638	1638	2.51884e+06	1537.75	1537.75
CRE_58	673	673	116683	173.378	173.378
CRE_59	526	526	657089	1249.22	1249.22
CRE_60	1484	1484	1.05373e+06	710.062	710.062
CRE_61	1209	1209	0	0	0
CRE_62	693	693	0	0	0
CRE_63	555	555	0	0	0
CRE_64	806	806	0	0	0
CRE_65	1139	1139	0	0	0
CRE_66	832	832	0	0	0
CRE_67	874	874	0	0	0
CRE_68	928	928	190357	205.126	205.126
CRE_69	907	907	0	0	0
CRE_70	966	966	25487.1	26.3841	26.3841
CRE_71	1376	1376	8761.19	6.36715	6.36715
CRE_72	565	565	0	0	0
CRE_73	357	357	0	0	0
CRE_74	1131	1131	0	0	0
CRE_75	403	403	0	0	0
CRE_76	1532	1532	0	0	0
CRE_77	1304	1304	33451.8	25.6532	25.6532
CRE_78	993	993	0	0	0
CRE_79	1214	1214	89204.9	73.4801	73.4801
CRE_80	989	989	0	0	0
CRE_81	1811	1811	0	0	0
CRE_82	1152	1152	0	0	0
CRE_83	319	319	29469.5	92.3808	92.3808
CRE_84	1627	1627	84027.8	51.6458	51.6458
CRE_85	1155	1155	12345.3	10.6886	10.6886
CRE_86	714	714	0	0	0
CRE_87	954	954	0	0	0
CRE_88	1341	1341	0	0	0
CRE_89	667	667	0	0	0
CRE_90	1028	1028	236950	230.497	230.497
CRE_91	1007	1007	0	0	0
CRE_92	201	201	0	0	0
CRE_93	1552	1552	58142.5	37.4629	37.4629
CRE_94	1166	1166	0	0	0
CRE_95	540	540	95974.9	177.731	177.731
CRE_96	736	736	0	0	0
CRE_97	1445	1445	114294	79.096	79.096
CRE_98	961	961	185180	192.695	192.695
CRE_99	1844	1844	0	0	0
CRE_100	946	946	0	0	0
CRE_101	224	224	0	0	0
CRE_102	300	300	0	0	0
CRE_103	1934	1934	0	0	0
CRE_104	368	368	0	0	0
CRE_105	1519	1519	64912.5	42.7337	42.7337
CRE_106	932	932	133409	143.143	143.143
CRE_107	856	856	0	0	0
CRE_108	1299	1299	0	0	0
CRE_109	715	715	0	0	0
CRE_110	763	763	0	0	0
CRE_111	1287	1287	246110	191.227	191.227
CRE_112	1291	1291	0	0	0
CRE_113	713	713	0	0	0
CRE_114	827	827	181994	220.065	220.065
CRE_115	217	217	0	0	0
CRE_116	918	918	41416.5	45.1161	45.1161
CRE_117	1024	1024	0	0	0
CRE_118	728	728	0	0	0
CRE_119	1489	1489	0	0	0
CRE_120	1613	1613	0	0	0
CRE_121	1421	1421	0	0	0
CRE_122	1080	1080	0	0	0
CRE_123	1496	1496	0	0	0
CRE_124	225	225	0	0	0
CRE_125	1027	1027	176020	171.393	171.393
CRE_126	1783	1783	63717.8	35.7363	35.7363
CRE_127	1823	1823	58540.7	32.1123	32.1123
CRE_128	1366	1366	19115.3	13.9937	13.9937
CRE_129	1394	1394	134604	96.5593	96.5593
CRE_130	1873	1873	0	0	0
CRE_131	290	290	0	0	0
CRE_132	232	232	116285	501.227	501.227
CRE_133	458	458	97567.8	213.03	213.03
CRE_134	1023	1023	215844	210.991	210.991
CRE_135	1275	1275	0	0	0
CRE_136	1309	1309	463945	354.427	354.427
CRE_137	1661	1661	105134	63.2959	63.2959
CRE_138	734	734	0	0	0
Mb21d2_control	1000	1000	1.40816e+06	1408.16	1408.16
Fgf12_control	1000	1000	588991	588.991	588.991
Wnt3_control	1000	1000	1.26281e+06	1262.81	1262.81
Zic3_promoter	1000	1000	177613	177.613	177.613
