name	size	covered	sum	mean0	mean 
CRE_1	1023	1023	436199	426.392	426.392
CRE_2	966	966	154509	159.947	159.947
CRE_3	703	703	0	0	0
CRE_4	1453	1453	0	0	0
CRE_5	928	928	0	0	0
CRE_6	769	769	129073	167.845	167.845
CRE_7	1212	1212	0	0	0
CRE_8	979	979	62013.7	63.3439	63.3439
CRE_9	806	806	0	0	0
CRE_10	1639	1639	39100.2	23.8561	23.8561
CRE_11	304	304	62854.6	206.759	206.759
CRE_12	740	740	220306	297.711	297.711
CRE_13	1078	1078	135589	125.779	125.779
CRE_14	231	231	18919.4	81.9023	81.9023
CRE_15	1149	1149	66848.7	58.1799	58.1799
CRE_16	243	243	0	0	0
CRE_17	1025	1025	0	0	0
CRE_18	885	885	0	0	0
CRE_19	59	59	0	0	0
CRE_20	1356	1356	168173	124.021	124.021
CRE_21	266	266	44776	168.331	168.331
CRE_22	1766	1766	356526	201.884	201.884
CRE_23	367	367	0	0	0
CRE_24	1349	1349	82614.9	61.2416	61.2416
CRE_25	1570	1570	58650.3	37.3569	37.3569
CRE_26	1137	1137	52133.6	45.8519	45.8519
CRE_27	1130	1130	17658.1	15.6267	15.6267
CRE_28	681	681	167332	245.715	245.715
CRE_29	1054	1054	0	0	0
CRE_30	1268	1268	234181	184.685	184.685
CRE_31	1838	1838	0	0	0
CRE_32	825	825	0	0	0
CRE_33	658	658	78200.4	118.846	118.846
CRE_34	707	707	0	0	0
CRE_35	475	475	124448	261.996	261.996
CRE_36	1607	1607	41202.3	25.6393	25.6393
CRE_37	874	874	47719	54.5984	54.5984
CRE_38	1250	1250	101745	81.3956	81.3956
CRE_39	1432	1432	124868	87.1985	87.1985
CRE_40	368	368	0	0	0
CRE_41	766	766	0	0	0
CRE_42	761	761	154719	203.31	203.31
CRE_43	1781	1781	60332	33.8753	33.8753
CRE_44	107	107	22493.1	210.216	210.216
CRE_45	1087	1087	94387	86.8326	86.8326
CRE_46	1107	1107	82825.1	74.8194	74.8194
CRE_47	514	514	0	0	0
CRE_48	1430	1430	0	0	0
CRE_49	782	782	49400.8	63.1723	63.1723
CRE_50	1162	1162	47298.6	40.7045	40.7045
CRE_51	1364	1364	211267	154.888	154.888
CRE_52	1378	1378	60332	43.7823	43.7823
CRE_53	954	954	93125.7	97.616	97.616
CRE_54	453	453	10300.6	22.7386	22.7386
CRE_55	1360	1360	44776	32.9235	32.9235
CRE_56	435	435	182257	418.982	418.982
CRE_57	1638	1638	1.8787e+06	1146.95	1146.95
CRE_58	673	673	0	0	0
CRE_59	526	526	303973	577.895	577.895
CRE_60	1484	1484	831825	560.529	560.529
CRE_61	1209	1209	68530.4	56.6836	56.6836
CRE_62	693	693	368509	531.759	531.759
CRE_63	555	555	0	0	0
CRE_64	806	806	39520.6	49.033	49.033
CRE_65	1139	1139	43304.5	38.0198	38.0198
CRE_66	832	832	177212	212.995	212.995
CRE_67	874	874	260458	298.006	298.006
CRE_68	928	928	191717	206.592	206.592
CRE_69	907	907	68110	75.0937	75.0937
CRE_70	966	966	100904	104.455	104.455
CRE_71	1376	1376	708638	514.999	514.999
CRE_72	565	565	10510.8	18.6032	18.6032
CRE_73	357	357	146521	410.422	410.422
CRE_74	1131	1131	225352	199.25	199.25
CRE_75	403	403	0	0	0
CRE_76	1532	1532	216733	141.47	141.47
CRE_77	1304	1304	170065	130.418	130.418
CRE_78	993	993	0	0	0
CRE_79	1214	1214	87870.3	72.3808	72.3808
CRE_80	989	989	0	0	0
CRE_81	1811	1811	0	0	0
CRE_82	1152	1152	103847	90.1447	90.1447
CRE_83	319	319	36577.6	114.663	114.663
CRE_84	1627	1627	112045	68.8661	68.8661
CRE_85	1155	1155	100063	86.6345	86.6345
CRE_86	714	714	0	0	0
CRE_87	954	954	40992.1	42.9687	42.9687
CRE_88	1341	1341	0	0	0
CRE_89	667	667	46668	69.9669	69.9669
CRE_90	1028	1028	40151.3	39.0576	39.0576
CRE_91	1007	1007	112886	112.101	112.101
CRE_92	201	201	0	0	0
CRE_93	1552	1552	0	0	0
CRE_94	1166	1166	0	0	0
CRE_95	540	540	169644	314.156	314.156
CRE_96	736	736	129073	175.37	175.37
CRE_97	1445	1445	114778	79.4311	79.4311
CRE_98	961	961	160605	167.123	167.123
CRE_99	1844	1844	141896	76.95	76.95
CRE_100	946	946	18288.8	19.3328	19.3328
CRE_101	224	224	47088.4	210.216	210.216
CRE_102	300	300	0	0	0
CRE_103	1934	1934	107631	55.6518	55.6518
CRE_104	368	368	110363	299.901	299.901
CRE_105	1519	1519	416648	274.291	274.291
CRE_106	932	932	0	0	0
CRE_107	856	856	44565.8	52.0628	52.0628
CRE_108	1299	1299	46457.7	35.7642	35.7642
CRE_109	715	715	0	0	0
CRE_110	763	763	214631	281.298	281.298
CRE_111	1287	1287	853688	663.316	663.316
CRE_112	1291	1291	195080	151.108	151.108
CRE_113	713	713	12823.2	17.9848	17.9848
CRE_114	827	827	293882	355.359	355.359
CRE_115	217	217	29430.2	135.623	135.623
CRE_116	918	918	0	0	0
CRE_117	1024	1024	110994	108.393	108.393
CRE_118	728	728	249737	343.045	343.045
CRE_119	1489	1489	61383.1	41.2244	41.2244
CRE_120	1613	1613	229556	142.316	142.316
CRE_121	1421	1421	213159	150.007	150.007
CRE_122	1080	1080	98170.9	90.899	90.899
CRE_123	1496	1496	85557.9	57.1911	57.1911
CRE_124	225	225	0	0	0
CRE_125	1027	1027	29430.2	28.6565	28.6565
CRE_126	1783	1783	64956.7	36.4312	36.4312
CRE_127	1823	1823	744795	408.555	408.555
CRE_128	1366	1366	225141	164.818	164.818
CRE_129	1394	1394	265713	190.612	190.612
CRE_130	1873	1873	309018	164.985	164.985
CRE_131	290	290	110994	382.738	382.738
CRE_132	232	232	0	0	0
CRE_133	458	458	78200.4	170.743	170.743
CRE_134	1023	1023	334874	327.345	327.345
CRE_135	1275	1275	81143.4	63.6419	63.6419
CRE_136	1309	1309	155770	118.999	118.999
CRE_137	1661	1661	0	0	0
CRE_138	734	734	220306	300.145	300.145
Mb21d2_control	1000	1000	2.50662e+06	2506.62	2506.62
Fgf12_control	1000	1000	1.35127e+06	1351.27	1351.27
Wnt3_control	1000	1000	1.39142e+06	1391.42	1391.42
Zic3_promoter	1000	1000	295984	295.984	295.984
