name	size	covered	sum	mean0	mean 
CRE_1	1023	1023	582530	569.433	569.433
CRE_2	966	966	262894	272.147	272.147
CRE_3	703	703	0	0	0
CRE_4	1453	1453	0	0	0
CRE_5	928	928	0	0	0
CRE_6	769	769	126847	164.95	164.95
CRE_7	1212	1212	0	0	0
CRE_8	979	979	0	0	0
CRE_9	806	806	0	0	0
CRE_10	1639	1639	0	0	0
CRE_11	304	304	41405.9	136.204	136.204
CRE_12	740	740	152917	206.645	206.645
CRE_13	1078	1078	37462.5	34.7519	34.7519
CRE_14	231	231	37243.4	161.227	161.227
CRE_15	1149	1149	0	0	0
CRE_16	243	243	0	0	0
CRE_17	1025	1025	0	0	0
CRE_18	885	885	0	0	0
CRE_19	59	59	0	0	0
CRE_20	1356	1356	40529.6	29.8891	29.8891
CRE_21	266	266	0	0	0
CRE_22	1766	1766	75144.1	42.5505	42.5505
CRE_23	367	367	0	0	0
CRE_24	1349	1349	0	0	0
CRE_25	1570	1570	0	0	0
CRE_26	1137	1137	66600	58.5752	58.5752
CRE_27	1130	1130	0	0	0
CRE_28	681	681	0	0	0
CRE_29	1054	1054	0	0	0
CRE_30	1268	1268	157299	124.053	124.053
CRE_31	1838	1838	0	0	0
CRE_32	825	825	3724.34	4.51436	4.51436
CRE_33	658	658	0	0	0
CRE_34	707	707	33957.2	48.03	48.03
CRE_35	475	475	0	0	0
CRE_36	1607	1607	0	0	0
CRE_37	874	874	0	0	0
CRE_38	1250	1250	139334	111.467	111.467
CRE_39	1432	1432	0	0	0
CRE_40	368	368	0	0	0
CRE_41	766	766	0	0	0
CRE_42	761	761	0	0	0
CRE_43	1781	1781	53236.2	29.8912	29.8912
CRE_44	107	107	0	0	0
CRE_45	1087	1087	47102	43.3321	43.3321
CRE_46	1107	1107	97928.3	88.4628	88.4628
CRE_47	514	514	187531	364.847	364.847
CRE_48	1430	1430	0	0	0
CRE_49	782	782	74486.9	95.2517	95.2517
CRE_50	1162	1162	104281	89.743	89.743
CRE_51	1364	1364	150726	110.503	110.503
CRE_52	1378	1378	17526.3	12.7187	12.7187
CRE_53	954	954	0	0	0
CRE_54	453	453	0	0	0
CRE_55	1360	1360	479344	352.459	352.459
CRE_56	435	435	71200.6	163.679	163.679
CRE_57	1638	1638	1.5697e+06	958.301	958.301
CRE_58	673	673	13363.8	19.8571	19.8571
CRE_59	526	526	186217	354.025	354.025
CRE_60	1484	1484	345706	232.956	232.956
CRE_61	1209	1209	0	0	0
CRE_62	693	693	0	0	0
CRE_63	555	555	0	0	0
CRE_64	806	806	109539	135.905	135.905
CRE_65	1139	1139	0	0	0
CRE_66	832	832	0	0	0
CRE_67	874	874	0	0	0
CRE_68	928	928	47540.1	51.2286	51.2286
CRE_69	907	907	0	0	0
CRE_70	966	966	91355.9	94.5713	94.5713
CRE_71	1376	1376	319855	232.452	232.452
CRE_72	565	565	0	0	0
CRE_73	357	357	0	0	0
CRE_74	1131	1131	333219	294.623	294.623
CRE_75	403	403	20374.3	50.5567	50.5567
CRE_76	1532	1532	0	0	0
CRE_77	1304	1304	80620.9	61.8258	61.8258
CRE_78	993	993	36367.1	36.6235	36.6235
CRE_79	1214	1214	0	0	0
CRE_80	989	989	0	0	0
CRE_81	1811	1811	0	0	0
CRE_82	1152	1152	0	0	0
CRE_83	319	319	63094.8	197.789	197.789
CRE_84	1627	1627	44692.1	27.469	27.469
CRE_85	1155	1155	0	0	0
CRE_86	714	714	0	0	0
CRE_87	954	954	46006.6	48.2249	48.2249
CRE_88	1341	1341	63313.8	47.2139	47.2139
CRE_89	667	667	0	0	0
CRE_90	1028	1028	0	0	0
CRE_91	1007	1007	0	0	0
CRE_92	201	201	0	0	0
CRE_93	1552	1552	77773	50.1115	50.1115
CRE_94	1166	1166	0	0	0
CRE_95	540	540	0	0	0
CRE_96	736	736	0	0	0
CRE_97	1445	1445	0	0	0
CRE_98	961	961	51702.6	53.8009	53.8009
CRE_99	1844	1844	0	0	0
CRE_100	946	946	0	0	0
CRE_101	224	224	10077.6	44.9894	44.9894
CRE_102	300	300	0	0	0
CRE_103	1934	1934	0	0	0
CRE_104	368	368	147659	401.247	401.247
CRE_105	1519	1519	161242	106.15	106.15
CRE_106	932	932	7229.61	7.75709	7.75709
CRE_107	856	856	24317.8	28.4086	28.4086
CRE_108	1299	1299	0	0	0
CRE_109	715	715	0	0	0
CRE_110	763	763	112826	147.871	147.871
CRE_111	1287	1287	331904	257.89	257.89
CRE_112	1291	1291	239672	185.649	185.649
CRE_113	713	713	55865.1	78.3522	78.3522
CRE_114	827	827	455026	550.213	550.213
CRE_115	217	217	0	0	0
CRE_116	918	918	136048	148.2	148.2
CRE_117	1024	1024	72515.1	70.8156	70.8156
CRE_118	728	728	0	0	0
CRE_119	1489	1489	150945	101.374	101.374
CRE_120	1613	1613	0	0	0
CRE_121	1421	1421	42282.2	29.7553	29.7553
CRE_122	1080	1080	0	0	0
CRE_123	1496	1496	0	0	0
CRE_124	225	225	0	0	0
CRE_125	1027	1027	27604	26.8782	26.8782
CRE_126	1783	1783	0	0	0
CRE_127	1823	1823	94861.2	52.0358	52.0358
CRE_128	1366	1366	84345.4	61.7463	61.7463
CRE_129	1394	1394	66819.1	47.9334	47.9334
CRE_130	1873	1873	0	0	0
CRE_131	290	290	0	0	0
CRE_132	232	232	24536.8	105.762	105.762
CRE_133	458	458	37900.7	82.7525	82.7525
CRE_134	1023	1023	0	0	0
CRE_135	1275	1275	152698	119.763	119.763
CRE_136	1309	1309	141744	108.284	108.284
CRE_137	1661	1661	54550.7	32.8421	32.8421
CRE_138	734	734	0	0	0
Mb21d2_control	1000	1000	2.36627e+06	2366.27	2366.27
Fgf12_control	1000	1000	2.52729e+06	2527.29	2527.29
Wnt3_control	1000	1000	940942	940.942	940.942
Zic3_promoter	1000	1000	73172.4	73.1724	73.1724
