name	size	covered	sum	mean0	mean 
CRE_1	1023	1023	425997	416.419	416.419
CRE_2	966	966	336913	348.771	348.771
CRE_3	703	703	11394.4	16.2083	16.2083
CRE_4	1453	1453	0	0	0
CRE_5	928	928	0	0	0
CRE_6	769	769	93745	121.905	121.905
CRE_7	1212	1212	16573.7	13.6747	13.6747
CRE_8	979	979	22529.9	23.0131	23.0131
CRE_9	806	806	91932.2	114.06	114.06
CRE_10	1639	1639	0	0	0
CRE_11	304	304	211833	696.819	696.819
CRE_12	740	740	191634	258.964	258.964
CRE_13	1078	1078	169104	156.868	156.868
CRE_14	231	231	154343	668.15	668.15
CRE_15	1149	1149	113685	98.9429	98.9429
CRE_16	243	243	0	0	0
CRE_17	1025	1025	0	0	0
CRE_18	885	885	192669	217.706	217.706
CRE_19	59	59	0	0	0
CRE_20	1356	1356	175060	129.1	129.1
CRE_21	266	266	0	0	0
CRE_22	1766	1766	193446	109.539	109.539
CRE_23	367	367	0	0	0
CRE_24	1349	1349	52051.8	38.5854	38.5854
CRE_25	1570	1570	9322.7	5.93803	5.93803
CRE_26	1137	1137	0	0	0
CRE_27	1130	1130	100737	89.1478	89.1478
CRE_28	681	681	0	0	0
CRE_29	1054	1054	98147.5	93.119	93.119
CRE_30	1268	1268	258187	203.618	203.618
CRE_31	1838	1838	51274.9	27.8971	27.8971
CRE_32	825	825	0	0	0
CRE_33	658	658	0	0	0
CRE_34	707	707	4402.39	6.22686	6.22686
CRE_35	475	475	2848.6	5.99706	5.99706
CRE_36	1607	1607	4920.32	3.0618	3.0618
CRE_37	874	874	0	0	0
CRE_38	1250	1250	321893	257.514	257.514
CRE_39	1432	1432	0	0	0
CRE_40	368	368	147092	399.706	399.706
CRE_41	766	766	0	0	0
CRE_42	761	761	109542	143.945	143.945
CRE_43	1781	1781	0	0	0
CRE_44	107	107	0	0	0
CRE_45	1087	1087	31593.7	29.065	29.065
CRE_46	1107	1107	100996	91.2339	91.2339
CRE_47	514	514	0	0	0
CRE_48	1430	1430	202510	141.616	141.616
CRE_49	782	782	302988	387.453	387.453
CRE_50	1162	1162	0	0	0
CRE_51	1364	1364	370837	271.875	271.875
CRE_52	1378	1378	332251	241.111	241.111
CRE_53	954	954	0	0	0
CRE_54	453	453	0	0	0
CRE_55	1360	1360	278645	204.886	204.886
CRE_56	435	435	0	0	0
CRE_57	1638	1638	992869	606.147	606.147
CRE_58	673	673	0	0	0
CRE_59	526	526	286415	544.514	544.514
CRE_60	1484	1484	823506	554.923	554.923
CRE_61	1209	1209	103845	85.893	85.893
CRE_62	693	693	0	0	0
CRE_63	555	555	136733	246.366	246.366
CRE_64	806	806	103586	128.518	128.518
CRE_65	1139	1139	0	0	0
CRE_66	832	832	0	0	0
CRE_67	874	874	0	0	0
CRE_68	928	928	92191.2	99.3439	99.3439
CRE_69	907	907	0	0	0
CRE_70	966	966	30557.8	31.6333	31.6333
CRE_71	1376	1376	159522	115.932	115.932
CRE_72	565	565	0	0	0
CRE_73	357	357	0	0	0
CRE_74	1131	1131	21753	19.2334	19.2334
CRE_75	403	403	45577.7	113.096	113.096
CRE_76	1532	1532	0	0	0
CRE_77	1304	1304	0	0	0
CRE_78	993	993	69920.3	70.4132	70.4132
CRE_79	1214	1214	110837	91.2987	91.2987
CRE_80	989	989	0	0	0
CRE_81	1811	1811	0	0	0
CRE_82	1152	1152	0	0	0
CRE_83	319	319	62928.2	197.267	197.267
CRE_84	1627	1627	0	0	0
CRE_85	1155	1155	128964	111.657	111.657
CRE_86	714	714	0	0	0
CRE_87	954	954	21753	22.8019	22.8019
CRE_88	1341	1341	260259	194.078	194.078
CRE_89	667	667	0	0	0
CRE_90	1028	1028	303248	294.988	294.988
CRE_91	1007	1007	0	0	0
CRE_92	201	201	46095.6	229.331	229.331
CRE_93	1552	1552	0	0	0
CRE_94	1166	1166	0	0	0
CRE_95	540	540	47908.3	88.7191	88.7191
CRE_96	736	736	0	0	0
CRE_97	1445	1445	0	0	0
CRE_98	961	961	5956.17	6.19789	6.19789
CRE_99	1844	1844	74840.6	40.586	40.586
CRE_100	946	946	0	0	0
CRE_101	224	224	0	0	0
CRE_102	300	300	0	0	0
CRE_103	1934	1934	0	0	0
CRE_104	368	368	217271	590.411	590.411
CRE_105	1519	1519	406056	267.318	267.318
CRE_106	932	932	242909	260.631	260.631
CRE_107	856	856	0	0	0
CRE_108	1299	1299	0	0	0
CRE_109	715	715	0	0	0
CRE_110	763	763	213128	279.328	279.328
CRE_111	1287	1287	267769	208.057	208.057
CRE_112	1291	1291	851734	659.747	659.747
CRE_113	713	713	109024	152.909	152.909
CRE_114	827	827	243168	294.036	294.036
CRE_115	217	217	3625.5	16.7074	16.7074
CRE_116	918	918	0	0	0
CRE_117	1024	1024	0	0	0
CRE_118	728	728	0	0	0
CRE_119	1489	1489	47908.3	32.1748	32.1748
CRE_120	1613	1613	42211.1	26.1693	26.1693
CRE_121	1421	1421	0	0	0
CRE_122	1080	1080	0	0	0
CRE_123	1496	1496	83386.5	55.7396	55.7396
CRE_124	225	225	0	0	0
CRE_125	1027	1027	0	0	0
CRE_126	1783	1783	0	0	0
CRE_127	1823	1823	365658	200.58	200.58
CRE_128	1366	1366	84163.3	61.613	61.613
CRE_129	1394	1394	159263	114.249	114.249
CRE_130	1873	1873	91155.5	48.6682	48.6682
CRE_131	290	290	0	0	0
CRE_132	232	232	54641.4	235.523	235.523
CRE_133	458	458	93227	203.552	203.552
CRE_134	1023	1023	4920.32	4.80969	4.80969
CRE_135	1275	1275	0	0	0
CRE_136	1309	1309	62669.3	47.8757	47.8757
CRE_137	1661	1661	0	0	0
CRE_138	734	734	0	0	0
Mb21d2_control	1000	1000	2.69918e+06	2699.18	2699.18
Fgf12_control	1000	1000	2.37522e+06	2375.22	2375.22
Wnt3_control	1000	1000	1.206e+06	1206	1206
Zic3_promoter	1000	1000	385857	385.857	385.857
