name	size	covered	sum	mean0	mean 
CRE_1	1023	1023	584769	571.622	571.622
CRE_2	966	966	654385	677.417	677.417
CRE_3	703	703	0	0	0
CRE_4	1453	1453	0	0	0
CRE_5	928	928	115252	124.194	124.194
CRE_6	769	769	31713.7	41.2401	41.2401
CRE_7	1212	1212	49117.5	40.526	40.526
CRE_8	979	979	337248	344.482	344.482
CRE_9	806	806	0	0	0
CRE_10	1639	1639	0	0	0
CRE_11	304	304	0	0	0
CRE_12	740	740	480346	649.116	649.116
CRE_13	1078	1078	0	0	0
CRE_14	231	231	0	0	0
CRE_15	1149	1149	0	0	0
CRE_16	243	243	0	0	0
CRE_17	1025	1025	0	0	0
CRE_18	885	885	105583	119.303	119.303
CRE_19	59	59	0	0	0
CRE_20	1356	1356	84698.7	62.4622	62.4622
CRE_21	266	266	0	0	0
CRE_22	1766	1766	111771	63.2907	63.2907
CRE_23	367	367	0	0	0
CRE_24	1349	1349	0	0	0
CRE_25	1570	1570	0	0	0
CRE_26	1137	1137	165143	145.245	145.245
CRE_27	1130	1130	155861	137.931	137.931
CRE_28	681	681	0	0	0
CRE_29	1054	1054	0	0	0
CRE_30	1268	1268	26299.1	20.7406	20.7406
CRE_31	1838	1838	0	0	0
CRE_32	825	825	0	0	0
CRE_33	658	658	0	0	0
CRE_34	707	707	0	0	0
CRE_35	475	475	0	0	0
CRE_36	1607	1607	0	0	0
CRE_37	874	874	0	0	0
CRE_38	1250	1250	160502	128.402	128.402
CRE_39	1432	1432	0	0	0
CRE_40	368	368	0	0	0
CRE_41	766	766	0	0	0
CRE_42	761	761	0	0	0
CRE_43	1781	1781	0	0	0
CRE_44	107	107	0	0	0
CRE_45	1087	1087	0	0	0
CRE_46	1107	1107	0	0	0
CRE_47	514	514	0	0	0
CRE_48	1430	1430	0	0	0
CRE_49	782	782	0	0	0
CRE_50	1162	1162	0	0	0
CRE_51	1364	1364	81991.5	60.1111	60.1111
CRE_52	1378	1378	0	0	0
CRE_53	954	954	0	0	0
CRE_54	453	453	0	0	0
CRE_55	1360	1360	171331	125.979	125.979
CRE_56	435	435	71162.4	163.592	163.592
CRE_57	1638	1638	1.19081e+06	726.99	726.99
CRE_58	673	673	0	0	0
CRE_59	526	526	838865	1594.8	1594.8
CRE_60	1484	1484	745272	502.205	502.205
CRE_61	1209	1209	5414.53	4.47852	4.47852
CRE_62	693	693	6188.03	8.92934	8.92934
CRE_63	555	555	0	0	0
CRE_64	806	806	0	0	0
CRE_65	1139	1139	0	0	0
CRE_66	832	832	204979	246.368	246.368
CRE_67	874	874	87792.7	100.449	100.449
CRE_68	928	928	175972	189.625	189.625
CRE_69	907	907	0	0	0
CRE_70	966	966	0	0	0
CRE_71	1376	1376	225090	163.583	163.583
CRE_72	565	565	0	0	0
CRE_73	357	357	38675.2	108.334	108.334
CRE_74	1131	1131	135750	120.027	120.027
CRE_75	403	403	58786.3	145.872	145.872
CRE_76	1532	1532	0	0	0
CRE_77	1304	1304	0	0	0
CRE_78	993	993	125694	126.58	126.58
CRE_79	1214	1214	0	0	0
CRE_80	989	989	0	0	0
CRE_81	1811	1811	0	0	0
CRE_82	1152	1152	0	0	0
CRE_83	319	319	20497.9	64.2566	64.2566
CRE_84	1627	1627	78123.9	48.0172	48.0172
CRE_85	1155	1155	0	0	0
CRE_86	714	714	0	0	0
CRE_87	954	954	0	0	0
CRE_88	1341	1341	0	0	0
CRE_89	667	667	0	0	0
CRE_90	1028	1028	0	0	0
CRE_91	1007	1007	63040.6	62.6024	62.6024
CRE_92	201	201	56852.5	282.848	282.848
CRE_93	1552	1552	0	0	0
CRE_94	1166	1166	0	0	0
CRE_95	540	540	78510.7	145.39	145.39
CRE_96	736	736	0	0	0
CRE_97	1445	1445	0	0	0
CRE_98	961	961	0	0	0
CRE_99	1844	1844	0	0	0
CRE_100	946	946	0	0	0
CRE_101	224	224	0	0	0
CRE_102	300	300	0	0	0
CRE_103	1934	1934	0	0	0
CRE_104	368	368	0	0	0
CRE_105	1519	1519	0	0	0
CRE_106	932	932	0	0	0
CRE_107	856	856	0	0	0
CRE_108	1299	1299	0	0	0
CRE_109	715	715	0	0	0
CRE_110	763	763	0	0	0
CRE_111	1287	1287	0	0	0
CRE_112	1291	1291	212714	164.767	164.767
CRE_113	713	713	64587.6	90.5857	90.5857
CRE_114	827	827	0	0	0
CRE_115	217	217	167850	773.504	773.504
CRE_116	918	918	0	0	0
CRE_117	1024	1024	0	0	0
CRE_118	728	728	283103	388.878	388.878
CRE_119	1489	1489	141938	95.3244	95.3244
CRE_120	1613	1613	0	0	0
CRE_121	1421	1421	0	0	0
CRE_122	1080	1080	0	0	0
CRE_123	1496	1496	0	0	0
CRE_124	225	225	0	0	0
CRE_125	1027	1027	3480.77	3.38926	3.38926
CRE_126	1783	1783	386752	216.911	216.911
CRE_127	1823	1823	312496	171.418	171.418
CRE_128	1366	1366	245588	179.786	179.786
CRE_129	1394	1394	0	0	0
CRE_130	1873	1873	0	0	0
CRE_131	290	290	0	0	0
CRE_132	232	232	0	0	0
CRE_133	458	458	0	0	0
CRE_134	1023	1023	0	0	0
CRE_135	1275	1275	0	0	0
CRE_136	1309	1309	290838	222.183	222.183
CRE_137	1661	1661	0	0	0
CRE_138	734	734	0	0	0
Mb21d2_control	1000	1000	2.31239e+06	2312.39	2312.39
Fgf12_control	1000	1000	2.60361e+06	2603.61	2603.61
Wnt3_control	1000	1000	1.20937e+06	1209.37	1209.37
Zic3_promoter	1000	1000	0	0	0
