name	size	covered	sum	mean0	mean 
CRE_1	1023	1023	184495	180.347	180.347
CRE_2	966	966	241606	250.109	250.109
CRE_3	703	703	0	0	0
CRE_4	1453	1453	0	0	0
CRE_5	928	928	0	0	0
CRE_6	769	769	68654	89.277	89.277
CRE_7	1212	1212	29162.7	24.0617	24.0617
CRE_8	979	979	87488.2	89.3649	89.3649
CRE_9	806	806	0	0	0
CRE_10	1639	1639	0	0	0
CRE_11	304	304	0	0	0
CRE_12	740	740	27340.1	36.946	36.946
CRE_13	1078	1078	17011.6	15.7807	15.7807
CRE_14	231	231	0	0	0
CRE_15	1149	1149	0	0	0
CRE_16	243	243	0	0	0
CRE_17	1025	1025	0	0	0
CRE_18	885	885	0	0	0
CRE_19	59	59	0	0	0
CRE_20	1356	1356	133258	98.2726	98.2726
CRE_21	266	266	0	0	0
CRE_22	1766	1766	417595	236.464	236.464
CRE_23	367	367	0	0	0
CRE_24	1349	1349	0	0	0
CRE_25	1570	1570	0	0	0
CRE_26	1137	1137	0	0	0
CRE_27	1130	1130	0	0	0
CRE_28	681	681	74527	109.438	109.438
CRE_29	1054	1054	0	0	0
CRE_30	1268	1268	53870.2	42.4844	42.4844
CRE_31	1838	1838	0	0	0
CRE_32	825	825	0	0	0
CRE_33	658	658	0	0	0
CRE_34	707	707	155940	220.566	220.566
CRE_35	475	475	0	0	0
CRE_36	1607	1607	47794.5	29.7414	29.7414
CRE_37	874	874	0	0	0
CRE_38	1250	1250	146624	117.299	117.299
CRE_39	1432	1432	0	0	0
CRE_40	368	368	15999	43.4755	43.4755
CRE_41	766	766	0	0	0
CRE_42	761	761	75337.1	98.9975	98.9975
CRE_43	1781	1781	0	0	0
CRE_44	107	107	0	0	0
CRE_45	1087	1087	0	0	0
CRE_46	1107	1107	0	0	0
CRE_47	514	514	0	0	0
CRE_48	1430	1430	0	0	0
CRE_49	782	782	460529	588.912	588.912
CRE_50	1162	1162	0	0	0
CRE_51	1364	1364	150674	110.465	110.465
CRE_52	1378	1378	96297.8	69.8823	69.8823
CRE_53	954	954	184900	193.816	193.816
CRE_54	453	453	65818.7	145.295	145.295
CRE_55	1360	1360	96804.3	71.1796	71.1796
CRE_56	435	435	294058	675.996	675.996
CRE_57	1638	1638	1.92049e+06	1172.46	1172.46
CRE_58	673	673	49414.6	73.4244	73.4244
CRE_59	526	526	176394	335.35	335.35
CRE_60	1484	1484	715907	482.417	482.417
CRE_61	1209	1209	63793.5	52.7655	52.7655
CRE_62	693	693	0	0	0
CRE_63	555	555	0	0	0
CRE_64	806	806	0	0	0
CRE_65	1139	1139	266515	233.991	233.991
CRE_66	832	832	0	0	0
CRE_67	874	874	0	0	0
CRE_68	928	928	75742.2	81.6187	81.6187
CRE_69	907	907	0	0	0
CRE_70	966	966	46781.9	48.4285	48.4285
CRE_71	1376	1376	34428.2	25.0205	25.0205
CRE_72	565	565	64806.1	114.701	114.701
CRE_73	357	357	25314.9	70.91	70.91
CRE_74	1131	1131	0	0	0
CRE_75	403	403	0	0	0
CRE_76	1532	1532	191786	125.187	125.187
CRE_77	1304	1304	44351.7	34.012	34.012
CRE_78	993	993	118069	118.901	118.901
CRE_79	1214	1214	152294	125.449	125.449
CRE_80	989	989	0	0	0
CRE_81	1811	1811	0	0	0
CRE_82	1152	1152	146421	127.102	127.102
CRE_83	319	319	0	0	0
CRE_84	1627	1627	0	0	0
CRE_85	1155	1155	239985	207.779	207.779
CRE_86	714	714	0	0	0
CRE_87	954	954	0	0	0
CRE_88	1341	1341	122322	91.2167	91.2167
CRE_89	667	667	208190	312.129	312.129
CRE_90	1028	1028	133865	130.219	130.219
CRE_91	1007	1007	0	0	0
CRE_92	201	201	0	0	0
CRE_93	1552	1552	93968.8	60.5469	60.5469
CRE_94	1166	1166	0	0	0
CRE_95	540	540	87690.8	162.39	162.39
CRE_96	736	736	0	0	0
CRE_97	1445	1445	0	0	0
CRE_98	961	961	224594	233.709	233.709
CRE_99	1844	1844	0	0	0
CRE_100	946	946	0	0	0
CRE_101	224	224	0	0	0
CRE_102	300	300	0	0	0
CRE_103	1934	1934	39693.7	20.5242	20.5242
CRE_104	368	368	97614.4	265.257	265.257
CRE_105	1519	1519	260845	171.721	171.721
CRE_106	932	932	0	0	0
CRE_107	856	856	0	0	0
CRE_108	1299	1299	0	0	0
CRE_109	715	715	0	0	0
CRE_110	763	763	53262.5	69.8067	69.8067
CRE_111	1287	1287	439670	341.624	341.624
CRE_112	1291	1291	381749	295.701	295.701
CRE_113	713	713	41921.4	58.7958	58.7958
CRE_114	827	827	103892	125.625	125.625
CRE_115	217	217	13973.8	64.3954	64.3954
CRE_116	918	918	0	0	0
CRE_117	1024	1024	14581.4	14.2396	14.2396
CRE_118	728	728	48807.1	67.0427	67.0427
CRE_119	1489	1489	70881.6	47.6035	47.6035
CRE_120	1613	1613	0	0	0
CRE_121	1421	1421	0	0	0
CRE_122	1080	1080	0	0	0
CRE_123	1496	1496	237150	158.523	158.523
CRE_124	225	225	0	0	0
CRE_125	1027	1027	0	0	0
CRE_126	1783	1783	52654.9	29.5317	29.5317
CRE_127	1823	1823	515614	282.838	282.838
CRE_128	1366	1366	145611	106.597	106.597
CRE_129	1394	1394	317145	227.507	227.507
CRE_130	1873	1873	0	0	0
CRE_131	290	290	20049.4	69.1358	69.1358
CRE_132	232	232	49819.7	214.74	214.74
CRE_133	458	458	0	0	0
CRE_134	1023	1023	0	0	0
CRE_135	1275	1275	0	0	0
CRE_136	1309	1309	202114	154.403	154.403
CRE_137	1661	1661	0	0	0
CRE_138	734	734	0	0	0
Mb21d2_control	1000	1000	2.39256e+06	2392.56	2392.56
Fgf12_control	1000	1000	2.01102e+06	2011.02	2011.02
Wnt3_control	1000	1000	1.52011e+06	1520.11	1520.11
Zic3_promoter	1000	1000	492122	492.122	492.122
