name	size	covered	sum	mean0	mean 
CRE_1	1023	1023	453685	443.485	443.485
CRE_2	966	966	394656	408.547	408.547
CRE_3	703	703	0	0	0
CRE_4	1453	1453	151453	104.235	104.235
CRE_5	928	928	0	0	0
CRE_6	769	769	244889	318.451	318.451
CRE_7	1212	1212	25973	21.4299	21.4299
CRE_8	979	979	25298.4	25.8411	25.8411
CRE_9	806	806	0	0	0
CRE_10	1639	1639	0	0	0
CRE_11	304	304	0	0	0
CRE_12	740	740	67125.1	90.7096	90.7096
CRE_13	1078	1078	0	0	0
CRE_14	231	231	0	0	0
CRE_15	1149	1149	139985	121.832	121.832
CRE_16	243	243	0	0	0
CRE_17	1025	1025	0	0	0
CRE_18	885	885	39802.8	44.9749	44.9749
CRE_19	59	59	0	0	0
CRE_20	1356	1356	78931	58.2087	58.2087
CRE_21	266	266	0	0	0
CRE_22	1766	1766	92086.2	52.1439	52.1439
CRE_23	367	367	0	0	0
CRE_24	1349	1349	0	0	0
CRE_25	1570	1570	196316	125.042	125.042
CRE_26	1137	1137	0	0	0
CRE_27	1130	1130	0	0	0
CRE_28	681	681	0	0	0
CRE_29	1054	1054	0	0	0
CRE_30	1268	1268	255008	201.111	201.111
CRE_31	1838	1838	0	0	0
CRE_32	825	825	34743.1	42.1129	42.1129
CRE_33	658	658	64426.6	97.9128	97.9128
CRE_34	707	707	0	0	0
CRE_35	475	475	36092.4	75.984	75.984
CRE_36	1607	1607	32382	20.1506	20.1506
CRE_37	874	874	0	0	0
CRE_38	1250	1250	0	0	0
CRE_39	1432	1432	0	0	0
CRE_40	368	368	14841.8	40.3308	40.3308
CRE_41	766	766	0	0	0
CRE_42	761	761	0	0	0
CRE_43	1781	1781	292450	164.205	164.205
CRE_44	107	107	0	0	0
CRE_45	1087	1087	0	0	0
CRE_46	1107	1107	0	0	0
CRE_47	514	514	161235	313.687	313.687
CRE_48	1430	1430	137623	96.2401	96.2401
CRE_49	782	782	119746	153.128	153.128
CRE_50	1162	1162	100519	86.5053	86.5053
CRE_51	1364	1364	0	0	0
CRE_52	1378	1378	63077.3	45.7746	45.7746
CRE_53	954	954	0	0	0
CRE_54	453	453	0	0	0
CRE_55	1360	1360	116710	85.8161	85.8161
CRE_56	435	435	0	0	0
CRE_57	1638	1638	1.06962e+06	653.003	653.003
CRE_58	673	673	39802.8	59.1424	59.1424
CRE_59	526	526	454360	863.803	863.803
CRE_60	1484	1484	666193	448.917	448.917
CRE_61	1209	1209	0	0	0
CRE_62	693	693	145044	209.299	209.299
CRE_63	555	555	0	0	0
CRE_64	806	806	0	0	0
CRE_65	1139	1139	0	0	0
CRE_66	832	832	0	0	0
CRE_67	874	874	0	0	0
CRE_68	928	928	342035	368.572	368.572
CRE_69	907	907	0	0	0
CRE_70	966	966	0	0	0
CRE_71	1376	1376	33056.6	24.0237	24.0237
CRE_72	565	565	105579	186.865	186.865
CRE_73	357	357	0	0	0
CRE_74	1131	1131	0	0	0
CRE_75	403	403	0	0	0
CRE_76	1532	1532	0	0	0
CRE_77	1304	1304	0	0	0
CRE_78	993	993	0	0	0
CRE_79	1214	1214	0	0	0
CRE_80	989	989	0	0	0
CRE_81	1811	1811	0	0	0
CRE_82	1152	1152	0	0	0
CRE_83	319	319	18552.2	58.1572	58.1572
CRE_84	1627	1627	60041.5	36.9032	36.9032
CRE_85	1155	1155	50934.1	44.0988	44.0988
CRE_86	714	714	0	0	0
CRE_87	954	954	0	0	0
CRE_88	1341	1341	0	0	0
CRE_89	667	667	130540	195.712	195.712
CRE_90	1028	1028	18889.5	18.375	18.375
CRE_91	1007	1007	0	0	0
CRE_92	201	201	0	0	0
CRE_93	1552	1552	0	0	0
CRE_94	1166	1166	0	0	0
CRE_95	540	540	0	0	0
CRE_96	736	736	0	0	0
CRE_97	1445	1445	0	0	0
CRE_98	961	961	674.624	0.702002	0.702002
CRE_99	1844	1844	0	0	0
CRE_100	946	946	125480	132.643	132.643
CRE_101	224	224	0	0	0
CRE_102	300	300	0	0	0
CRE_103	1934	1934	60041.5	31.0453	31.0453
CRE_104	368	368	0	0	0
CRE_105	1519	1519	251973	165.881	165.881
CRE_106	932	932	75895.2	81.4326	81.4326
CRE_107	856	856	0	0	0
CRE_108	1299	1299	80280.3	61.8016	61.8016
CRE_109	715	715	0	0	0
CRE_110	763	763	164946	216.18	216.18
CRE_111	1287	1287	0	0	0
CRE_112	1291	1291	68474.3	53.0398	53.0398
CRE_113	713	713	44187.9	61.9746	61.9746
CRE_114	827	827	120083	145.203	145.203
CRE_115	217	217	0	0	0
CRE_116	918	918	0	0	0
CRE_117	1024	1024	0	0	0
CRE_118	728	728	0	0	0
CRE_119	1489	1489	194629	130.711	130.711
CRE_120	1613	1613	391282	242.581	242.581
CRE_121	1421	1421	105241	74.0615	74.0615
CRE_122	1080	1080	0	0	0
CRE_123	1496	1496	0	0	0
CRE_124	225	225	0	0	0
CRE_125	1027	1027	0	0	0
CRE_126	1783	1783	0	0	0
CRE_127	1823	1823	201038	110.279	110.279
CRE_128	1366	1366	0	0	0
CRE_129	1394	1394	38453.6	27.5851	27.5851
CRE_130	1873	1873	12143.2	6.48331	6.48331
CRE_131	290	290	0	0	0
CRE_132	232	232	0	0	0
CRE_133	458	458	198677	433.793	433.793
CRE_134	1023	1023	204074	199.486	199.486
CRE_135	1275	1275	334951	262.707	262.707
CRE_136	1309	1309	156176	119.309	119.309
CRE_137	1661	1661	175065	105.397	105.397
CRE_138	734	734	0	0	0
Mb21d2_control	1000	1000	3.69998e+06	3699.98	3699.98
Fgf12_control	1000	1000	1.73682e+06	1736.82	1736.82
Wnt3_control	1000	1000	1.2548e+06	1254.8	1254.8
Zic3_promoter	1000	1000	0	0	0
