name	size	covered	sum	mean0	mean 
CRE_1	1023	1023	327319	319.959	319.959
CRE_2	966	966	154978	160.433	160.433
CRE_3	703	703	80382.8	114.342	114.342
CRE_4	1453	1453	0	0	0
CRE_5	928	928	90028.7	97.0137	97.0137
CRE_6	769	769	68593.3	89.198	89.198
CRE_7	1212	1212	63877.5	52.7042	52.7042
CRE_8	979	979	69665.1	71.1594	71.1594
CRE_9	806	806	0	0	0
CRE_10	1639	1639	0	0	0
CRE_11	304	304	104819	344.8	344.8
CRE_12	740	740	193133	260.99	260.99
CRE_13	1078	1078	0	0	0
CRE_14	231	231	0	0	0
CRE_15	1149	1149	107177	93.2785	93.2785
CRE_16	243	243	0	0	0
CRE_17	1025	1025	0	0	0
CRE_18	885	885	0	0	0
CRE_19	59	59	0	0	0
CRE_20	1356	1356	79311	58.4889	58.4889
CRE_21	266	266	93029.6	349.735	349.735
CRE_22	1766	1766	482082	272.98	272.98
CRE_23	367	367	0	0	0
CRE_24	1349	1349	0	0	0
CRE_25	1570	1570	0	0	0
CRE_26	1137	1137	129255	113.681	113.681
CRE_27	1130	1130	90028.7	79.6714	79.6714
CRE_28	681	681	248008	364.181	364.181
CRE_29	1054	1054	0	0	0
CRE_30	1268	1268	53374.1	42.0932	42.0932
CRE_31	1838	1838	150477	81.8697	81.8697
CRE_32	825	825	0	0	0
CRE_33	658	658	0	0	0
CRE_34	707	707	0	0	0
CRE_35	475	475	0	0	0
CRE_36	1607	1607	125611	78.1652	78.1652
CRE_37	874	874	0	0	0
CRE_38	1250	1250	155407	124.325	124.325
CRE_39	1432	1432	82526.3	57.6301	57.6301
CRE_40	368	368	263012	714.708	714.708
CRE_41	766	766	0	0	0
CRE_42	761	761	263870	346.741	346.741
CRE_43	1781	1781	73523.4	41.2821	41.2821
CRE_44	107	107	0	0	0
CRE_45	1087	1087	14576.1	13.4095	13.4095
CRE_46	1107	1107	107606	97.2048	97.2048
CRE_47	514	514	0	0	0
CRE_48	1430	1430	0	0	0
CRE_49	782	782	247365	316.323	316.323
CRE_50	1162	1162	21221	18.2625	18.2625
CRE_51	1364	1364	215426	157.937	157.937
CRE_52	1378	1378	383801	278.52	278.52
CRE_53	954	954	70522.5	73.9229	73.9229
CRE_54	453	453	37726.3	83.281	83.281
CRE_55	1360	1360	499445	367.239	367.239
CRE_56	435	435	273730	629.265	629.265
CRE_57	1638	1638	1.98535e+06	1212.06	1212.06
CRE_58	673	673	157550	234.101	234.101
CRE_59	526	526	486583	925.063	925.063
CRE_60	1484	1484	1.20038e+06	808.883	808.883
CRE_61	1209	1209	147476	121.981	121.981
CRE_62	693	693	0	0	0
CRE_63	555	555	91957.9	165.69	165.69
CRE_64	806	806	76738.7	95.2093	95.2093
CRE_65	1139	1139	93672.7	82.2412	82.2412
CRE_66	832	832	0	0	0
CRE_67	874	874	0	0	0
CRE_68	928	928	145546	156.839	156.839
CRE_69	907	907	37083.2	40.8856	40.8856
CRE_70	966	966	93029.6	96.304	96.304
CRE_71	1376	1376	171698	124.78	124.78
CRE_72	565	565	0	0	0
CRE_73	357	357	141902	397.486	397.486
CRE_74	1131	1131	0	0	0
CRE_75	403	403	186059	461.686	461.686
CRE_76	1532	1532	156907	102.42	102.42
CRE_77	1304	1304	11146.4	8.54786	8.54786
CRE_78	993	993	0	0	0
CRE_79	1214	1214	49301.4	40.6107	40.6107
CRE_80	989	989	0	0	0
CRE_81	1811	1811	96673.7	53.3814	53.3814
CRE_82	1152	1152	0	0	0
CRE_83	319	319	6216.27	19.4867	19.4867
CRE_84	1627	1627	41799	25.6909	25.6909
CRE_85	1155	1155	219070	189.671	189.671
CRE_86	714	714	0	0	0
CRE_87	954	954	284876	298.613	298.613
CRE_88	1341	1341	81025.8	60.4219	60.4219
CRE_89	667	667	0	0	0
CRE_90	1028	1028	291736	283.79	283.79
CRE_91	1007	1007	25936.8	25.7565	25.7565
CRE_92	201	201	0	0	0
CRE_93	1552	1552	0	0	0
CRE_94	1166	1166	18863.2	16.1777	16.1777
CRE_95	540	540	0	0	0
CRE_96	736	736	53588.5	72.8105	72.8105
CRE_97	1445	1445	430208	297.722	297.722
CRE_98	961	961	216926	225.73	225.73
CRE_99	1844	1844	4287.08	2.32488	2.32488
CRE_100	946	946	0	0	0
CRE_101	224	224	0	0	0
CRE_102	300	300	0	0	0
CRE_103	1934	1934	106963	55.3064	55.3064
CRE_104	368	368	7073.68	19.222	19.222
CRE_105	1519	1519	851414	560.509	560.509
CRE_106	932	932	90028.7	96.5973	96.5973
CRE_107	856	856	0	0	0
CRE_108	1299	1299	0	0	0
CRE_109	715	715	0	0	0
CRE_110	763	763	368903	483.49	483.49
CRE_111	1287	1287	657424	510.819	510.819
CRE_112	1291	1291	423992	328.422	328.422
CRE_113	713	713	184988	259.45	259.45
CRE_114	827	827	48015.3	58.0596	58.0596
CRE_115	217	217	0	0	0
CRE_116	918	918	59590.4	64.9133	64.9133
CRE_117	1024	1024	90457.4	88.3373	88.3373
CRE_118	728	728	10932.1	15.0166	15.0166
CRE_119	1489	1489	85312.9	57.2954	57.2954
CRE_120	1613	1613	152834	94.7516	94.7516
CRE_121	1421	1421	194848	137.12	137.12
CRE_122	1080	1080	0	0	0
CRE_123	1496	1496	34725.3	23.2121	23.2121
CRE_124	225	225	40727.3	181.01	181.01
CRE_125	1027	1027	100103	97.4716	97.4716
CRE_126	1783	1783	31295.7	17.5523	17.5523
CRE_127	1823	1823	305454	167.556	167.556
CRE_128	1366	1366	127969	93.6818	93.6818
CRE_129	1394	1394	245864	176.373	176.373
CRE_130	1873	1873	151763	81.0265	81.0265
CRE_131	290	290	135043	465.666	465.666
CRE_132	232	232	123682	533.113	533.113
CRE_133	458	458	50801.9	110.921	110.921
CRE_134	1023	1023	47586.6	46.5167	46.5167
CRE_135	1275	1275	170840	133.992	133.992
CRE_136	1309	1309	148547	113.482	113.482
CRE_137	1661	1661	34511	20.7772	20.7772
CRE_138	734	734	48229.7	65.708	65.708
Mb21d2_control	1000	1000	2.63805e+06	2638.05	2638.05
Fgf12_control	1000	1000	1.44346e+06	1443.46	1443.46
Wnt3_control	1000	1000	1.54206e+06	1542.06	1542.06
Zic3_promoter	1000	1000	328819	328.819	328.819
