name	size	covered	sum	mean0	mean 
CRE_1	1023	1023	706396	690.515	690.515
CRE_2	966	966	615966	637.646	637.646
CRE_3	703	703	0	0	0
CRE_4	1453	1453	0	0	0
CRE_5	928	928	0	0	0
CRE_6	769	769	176338	229.308	229.308
CRE_7	1212	1212	22259.6	18.366	18.366
CRE_8	979	979	80691.2	82.4221	82.4221
CRE_9	806	806	57388.2	71.2012	71.2012
CRE_10	1639	1639	0	0	0
CRE_11	304	304	179121	589.213	589.213
CRE_12	740	740	129036	174.374	174.374
CRE_13	1078	1078	59475	55.1716	55.1716
CRE_14	231	231	32346.1	140.026	140.026
CRE_15	1149	1149	0	0	0
CRE_16	243	243	1391.23	5.72522	5.72522
CRE_17	1025	1025	0	0	0
CRE_18	885	885	0	0	0
CRE_19	59	59	19129.4	324.227	324.227
CRE_20	1356	1356	439976	324.466	324.466
CRE_21	266	266	0	0	0
CRE_22	1766	1766	313374	177.449	177.449
CRE_23	367	367	0	0	0
CRE_24	1349	1349	114776	85.0825	85.0825
CRE_25	1570	1570	0	0	0
CRE_26	1137	1137	0	0	0
CRE_27	1130	1130	0	0	0
CRE_28	681	681	61561.8	90.3992	90.3992
CRE_29	1054	1054	0	0	0
CRE_30	1268	1268	54953.5	43.3387	43.3387
CRE_31	1838	1838	0	0	0
CRE_32	825	825	0	0	0
CRE_33	658	658	0	0	0
CRE_34	707	707	63300.9	89.5345	89.5345
CRE_35	475	475	0	0	0
CRE_36	1607	1607	72343.9	45.018	45.018
CRE_37	874	874	18781.6	21.4892	21.4892
CRE_38	1250	1250	94255.7	75.4046	75.4046
CRE_39	1432	1432	0	0	0
CRE_40	368	368	26433.3	71.8297	71.8297
CRE_41	766	766	0	0	0
CRE_42	761	761	78604.4	103.291	103.291
CRE_43	1781	1781	57388.2	32.2224	32.2224
CRE_44	107	107	0	0	0
CRE_45	1087	1087	0	0	0
CRE_46	1107	1107	0	0	0
CRE_47	514	514	0	0	0
CRE_48	1430	1430	74430.7	52.0494	52.0494
CRE_49	782	782	686223	877.523	877.523
CRE_50	1162	1162	172164	148.162	148.162
CRE_51	1364	1364	220857	161.919	161.919
CRE_52	1378	1378	244508	177.437	177.437
CRE_53	954	954	3478.07	3.64578	3.64578
CRE_54	453	453	0	0	0
CRE_55	1360	1360	340851	250.626	250.626
CRE_56	435	435	457019	1050.62	1050.62
CRE_57	1638	1638	4.01369e+06	2450.36	2450.36
CRE_58	673	673	91473.2	135.919	135.919
CRE_59	526	526	610402	1160.46	1160.46
CRE_60	1484	1484	2.66594e+06	1796.46	1796.46
CRE_61	1209	1209	237204	196.199	196.199
CRE_62	693	693	0	0	0
CRE_63	555	555	87647.4	157.923	157.923
CRE_64	806	806	161382	200.226	200.226
CRE_65	1139	1139	121732	106.877	106.877
CRE_66	832	832	0	0	0
CRE_67	874	874	69561.4	79.5897	79.5897
CRE_68	928	928	223292	240.616	240.616
CRE_69	907	907	51127.6	56.37	56.37
CRE_70	966	966	0	0	0
CRE_71	1376	1376	48345.2	35.1346	35.1346
CRE_72	565	565	190946	337.958	337.958
CRE_73	357	357	0	0	0
CRE_74	1131	1131	219118	193.739	193.739
CRE_75	403	403	0	0	0
CRE_76	1532	1532	18433.8	12.0325	12.0325
CRE_77	1304	1304	86256.1	66.1473	66.1473
CRE_78	993	993	0	0	0
CRE_79	1214	1214	106081	87.3815	87.3815
CRE_80	989	989	0	0	0
CRE_81	1811	1811	0	0	0
CRE_82	1152	1152	0	0	0
CRE_83	319	319	0	0	0
CRE_84	1627	1627	152339	93.6321	93.6321
CRE_85	1155	1155	0	0	0
CRE_86	714	714	0	0	0
CRE_87	954	954	0	0	0
CRE_88	1341	1341	33389.5	24.8989	24.8989
CRE_89	667	667	0	0	0
CRE_90	1028	1028	65735.5	63.9451	63.9451
CRE_91	1007	1007	56344.7	55.9531	55.9531
CRE_92	201	201	3825.88	19.0342	19.0342
CRE_93	1552	1552	0	0	0
CRE_94	1166	1166	0	0	0
CRE_95	540	540	0	0	0
CRE_96	736	736	0	0	0
CRE_97	1445	1445	0	0	0
CRE_98	961	961	50779.8	52.8406	52.8406
CRE_99	1844	1844	0	0	0
CRE_100	946	946	0	0	0
CRE_101	224	224	118602	529.474	529.474
CRE_102	300	300	0	0	0
CRE_103	1934	1934	0	0	0
CRE_104	368	368	0	0	0
CRE_105	1519	1519	40345.6	26.5606	26.5606
CRE_106	932	932	0	0	0
CRE_107	856	856	0	0	0
CRE_108	1299	1299	0	0	0
CRE_109	715	715	0	0	0
CRE_110	763	763	225379	295.385	295.385
CRE_111	1287	1287	0	0	0
CRE_112	1291	1291	68865.8	53.343	53.343
CRE_113	713	713	107125	150.245	150.245
CRE_114	827	827	174599	211.123	211.123
CRE_115	217	217	39997.8	184.322	184.322
CRE_116	918	918	0	0	0
CRE_117	1024	1024	62605.3	61.138	61.138
CRE_118	728	728	39302.2	53.9865	53.9865
CRE_119	1489	1489	331460	222.606	222.606
CRE_120	1613	1613	56692.5	35.1473	35.1473
CRE_121	1421	1421	0	0	0
CRE_122	1080	1080	0	0	0
CRE_123	1496	1496	0	0	0
CRE_124	225	225	0	0	0
CRE_125	1027	1027	0	0	0
CRE_126	1783	1783	0	0	0
CRE_127	1823	1823	106777	58.572	58.572
CRE_128	1366	1366	61561.8	45.0672	45.0672
CRE_129	1394	1394	46606.1	33.4334	33.4334
CRE_130	1873	1873	107820	57.5655	57.5655
CRE_131	290	290	0	0	0
CRE_132	232	232	0	0	0
CRE_133	458	458	66778.9	145.806	145.806
CRE_134	1023	1023	340155	332.508	332.508
CRE_135	1275	1275	89038.6	69.8342	69.8342
CRE_136	1309	1309	273029	208.578	208.578
CRE_137	1661	1661	0	0	0
CRE_138	734	734	0	0	0
Mb21d2_control	1000	1000	1.87851e+06	1878.51	1878.51
Fgf12_control	1000	1000	668137	668.137	668.137
Wnt3_control	1000	1000	1.01873e+06	1018.73	1018.73
Zic3_promoter	1000	1000	0	0	0
Rnf12_promoter	1000	1000	56692.5	56.6925	56.6925
