name	size	covered	sum	mean0	mean 
CRE_1	1023	1023	420248	410.8	410.8
CRE_2	966	966	435813	451.152	451.152
CRE_3	703	703	86055.1	122.411	122.411
CRE_4	1453	1453	106559	73.337	73.337
CRE_5	928	928	13469.5	14.5145	14.5145
CRE_6	769	769	63456.3	82.5179	82.5179
CRE_7	1212	1212	44449.3	36.6744	36.6744
CRE_8	979	979	245743	251.015	251.015
CRE_9	806	806	0	0	0
CRE_10	1639	1639	87102.7	53.1438	53.1438
CRE_11	304	304	116885	384.491	384.491
CRE_12	740	740	301866	407.927	407.927
CRE_13	1078	1078	34422	31.9314	31.9314
CRE_14	231	231	14217.8	61.5489	61.5489
CRE_15	1149	1149	92640.2	80.6268	80.6268
CRE_16	243	243	0	0	0
CRE_17	1025	1025	16462.7	16.0612	16.0612
CRE_18	885	885	0	0	0
CRE_19	59	59	0	0	0
CRE_20	1356	1356	178246	131.45	131.45
CRE_21	266	266	94735.4	356.148	356.148
CRE_22	1766	1766	127362	72.1186	72.1186
CRE_23	367	367	0	0	0
CRE_24	1349	1349	50585.4	37.4985	37.4985
CRE_25	1570	1570	114940	73.21	73.21
CRE_26	1137	1137	58218.1	51.2033	51.2033
CRE_27	1130	1130	134396	118.934	118.934
CRE_28	681	681	62259	91.4229	91.4229
CRE_29	1054	1054	0	0	0
CRE_30	1268	1268	57170.5	45.0871	45.0871
CRE_31	1838	1838	0	0	0
CRE_32	825	825	0	0	0
CRE_33	658	658	18109	27.5212	27.5212
CRE_34	707	707	0	0	0
CRE_35	475	475	33075.1	69.6317	69.6317
CRE_36	1607	1607	0	0	0
CRE_37	874	874	32476.4	37.1584	37.1584
CRE_38	1250	1250	260709	208.568	208.568
CRE_39	1432	1432	12421.9	8.67449	8.67449
CRE_40	368	368	28285.9	76.8639	76.8639
CRE_41	766	766	0	0	0
CRE_42	761	761	51184.1	67.2589	67.2589
CRE_43	1781	1781	0	0	0
CRE_44	107	107	0	0	0
CRE_45	1087	1087	34571.7	31.8047	31.8047
CRE_46	1107	1107	17510.3	15.8178	15.8178
CRE_47	514	514	89347.6	173.828	173.828
CRE_48	1430	1430	74381.5	52.015	52.015
CRE_49	782	782	328207	419.701	419.701
CRE_50	1162	1162	140681	121.068	121.068
CRE_51	1364	1364	355146	260.371	260.371
CRE_52	1378	1378	228383	165.735	165.735
CRE_53	954	954	58068.5	60.8684	60.8684
CRE_54	453	453	57918.8	127.856	127.856
CRE_55	1360	1360	561379	412.779	412.779
CRE_56	435	435	491936	1130.89	1130.89
CRE_57	1638	1638	4.13438e+06	2524.04	2524.04
CRE_58	673	673	188423	279.975	279.975
CRE_59	526	526	565569	1075.23	1075.23
CRE_60	1484	1484	2.43394e+06	1640.12	1640.12
CRE_61	1209	1209	222097	183.703	183.703
CRE_62	693	693	21401.5	30.8824	30.8824
CRE_63	555	555	29333.6	52.8533	52.8533
CRE_64	806	806	80667.3	100.083	100.083
CRE_65	1139	1139	17510.3	15.3734	15.3734
CRE_66	832	832	0	0	0
CRE_67	874	874	0	0	0
CRE_68	928	928	519025	559.294	559.294
CRE_69	907	907	3292.54	3.63015	3.63015
CRE_70	966	966	5687.12	5.88729	5.88729
CRE_71	1376	1376	193661	140.742	140.742
CRE_72	565	565	257118	455.075	455.075
CRE_73	357	357	2095.25	5.86906	5.86906
CRE_74	1131	1131	125266	110.757	110.757
CRE_75	403	403	11224.6	27.8525	27.8525
CRE_76	1532	1532	1197.29	0.78152	0.78152
CRE_77	1304	1304	109402	83.8974	83.8974
CRE_78	993	993	30979.8	31.1982	31.1982
CRE_79	1214	1214	45048	37.1071	37.1071
CRE_80	989	989	0	0	0
CRE_81	1811	1811	12571.5	6.94176	6.94176
CRE_82	1152	1152	0	0	0
CRE_83	319	319	48639.8	152.476	152.476
CRE_84	1627	1627	87402	53.7197	53.7197
CRE_85	1155	1155	0	0	0
CRE_86	714	714	0	0	0
CRE_87	954	954	39959.5	41.8863	41.8863
CRE_88	1341	1341	30979.8	23.102	23.102
CRE_89	667	667	50136.4	75.1671	75.1671
CRE_90	1028	1028	300819	292.625	292.625
CRE_91	1007	1007	18558	18.429	18.429
CRE_92	201	201	0	0	0
CRE_93	1552	1552	84708.1	54.58	54.58
CRE_94	1166	1166	0	0	0
CRE_95	540	540	71986.9	133.309	133.309
CRE_96	736	736	28285.9	38.432	38.432
CRE_97	1445	1445	172110	119.107	119.107
CRE_98	961	961	12421.9	12.926	12.926
CRE_99	1844	1844	162083	87.8974	87.8974
CRE_100	946	946	60463	63.9144	63.9144
CRE_101	224	224	16163.4	72.158	72.158
CRE_102	300	300	20503.6	68.3452	68.3452
CRE_103	1934	1934	9428.64	4.8752	4.8752
CRE_104	368	368	47592.2	129.327	129.327
CRE_105	1519	1519	42204.4	27.7843	27.7843
CRE_106	932	932	49088.8	52.6704	52.6704
CRE_107	856	856	58667.1	68.5363	68.5363
CRE_108	1299	1299	0	0	0
CRE_109	715	715	0	0	0
CRE_110	763	763	92789.8	121.612	121.612
CRE_111	1287	1287	267744	208.037	208.037
CRE_112	1291	1291	88000.7	68.1647	68.1647
CRE_113	713	713	174654	244.957	244.957
CRE_114	827	827	197553	238.878	238.878
CRE_115	217	217	0	0	0
CRE_116	918	918	14517.1	15.8139	15.8139
CRE_117	1024	1024	12721.2	12.423	12.423
CRE_118	728	728	50585.4	69.4855	69.4855
CRE_119	1489	1489	244396	164.135	164.135
CRE_120	1613	1613	349758	216.837	216.837
CRE_121	1421	1421	0	0	0
CRE_122	1080	1080	0	0	0
CRE_123	1496	1496	136790	91.4373	91.4373
CRE_124	225	225	0	0	0
CRE_125	1027	1027	0	0	0
CRE_126	1783	1783	32775.8	18.3824	18.3824
CRE_127	1823	1823	303513	166.491	166.491
CRE_128	1366	1366	361431	264.591	264.591
CRE_129	1394	1394	139484	100.06	100.06
CRE_130	1873	1873	85157.1	45.4656	45.4656
CRE_131	290	290	13918.5	47.9947	47.9947
CRE_132	232	232	23796.1	102.569	102.569
CRE_133	458	458	16462.7	35.9448	35.9448
CRE_134	1023	1023	72286.3	70.6611	70.6611
CRE_135	1275	1275	59565.1	46.7177	46.7177
CRE_136	1309	1309	214165	163.61	163.61
CRE_137	1661	1661	15415.1	9.2806	9.2806
CRE_138	734	734	54326.9	74.0149	74.0149
Mb21d2_control	1000	1000	1.32764e+06	1327.64	1327.64
Fgf12_control	1000	1000	778537	778.537	778.537
Wnt3_control	1000	1000	648781	648.781	648.781
Zic3_promoter	1000	1000	10476.3	10.4763	10.4763
Rnf12_promoter	1000	1000	63905.2	63.9052	63.9052
