name	size	covered	sum	mean0	mean 
CRE_1	1023	1023	531275	519.33	519.33
CRE_2	966	966	641946	664.541	664.541
CRE_3	703	703	24940	35.4766	35.4766
CRE_4	1453	1453	25849.3	17.7903	17.7903
CRE_5	928	928	26888.5	28.9746	28.9746
CRE_6	769	769	24420.4	31.7561	31.7561
CRE_7	1212	1212	2208.23	1.82197	1.82197
CRE_8	979	979	73131.4	74.7001	74.7001
CRE_9	806	806	0	0	0
CRE_10	1639	1639	83782.9	51.1183	51.1183
CRE_11	304	304	203287	668.708	668.708
CRE_12	740	740	387090	523.095	523.095
CRE_13	1078	1078	83003.5	76.9977	76.9977
CRE_14	231	231	31175	134.957	134.957
CRE_15	1149	1149	107294	93.3804	93.3804
CRE_16	243	243	0	0	0
CRE_17	1025	1025	0	0	0
CRE_18	885	885	28057.5	31.7034	31.7034
CRE_19	59	59	15327.7	259.792	259.792
CRE_20	1356	1356	241607	178.176	178.176
CRE_21	266	266	22991.6	86.4346	86.4346
CRE_22	1766	1766	51179	28.9802	28.9802
CRE_23	367	367	0	0	0
CRE_24	1349	1349	68065.5	50.4563	50.4563
CRE_25	1570	1570	18575.1	11.8313	11.8313
CRE_26	1137	1137	59622.3	52.4382	52.4382
CRE_27	1130	1130	41696.6	36.8997	36.8997
CRE_28	681	681	40917.2	60.0841	60.0841
CRE_29	1054	1054	23121.5	21.9369	21.9369
CRE_30	1268	1268	81834.5	64.5382	64.5382
CRE_31	1838	1838	95603.5	52.0149	52.0149
CRE_32	825	825	0	0	0
CRE_33	658	658	19224.6	29.2167	29.2167
CRE_34	707	707	44424.4	62.8351	62.8351
CRE_35	475	475	0	0	0
CRE_36	1607	1607	81834.5	50.9238	50.9238
CRE_37	874	874	10911.3	12.4843	12.4843
CRE_38	1250	1250	209652	167.722	167.722
CRE_39	1432	1432	50010	34.9232	34.9232
CRE_40	368	368	86380.8	234.731	234.731
CRE_41	766	766	20913.3	27.3019	27.3019
CRE_42	761	761	75469.6	99.1716	99.1716
CRE_43	1781	1781	91057.1	51.1269	51.1269
CRE_44	107	107	5455.63	50.9872	50.9872
CRE_45	1087	1087	10131.9	9.32096	9.32096
CRE_46	1107	1107	42865.7	38.7224	38.7224
CRE_47	514	514	83393.2	162.244	162.244
CRE_48	1430	1430	18834.9	13.1713	13.1713
CRE_49	782	782	330585	422.743	422.743
CRE_50	1162	1162	214718	184.783	184.783
CRE_51	1364	1364	356045	261.03	261.03
CRE_52	1378	1378	240827	174.766	174.766
CRE_53	954	954	138599	145.282	145.282
CRE_54	453	453	106125	234.272	234.272
CRE_55	1360	1360	548811	403.537	403.537
CRE_56	435	435	430605	989.898	989.898
CRE_57	1638	1638	4.50129e+06	2748.04	2748.04
CRE_58	673	673	204197	303.412	303.412
CRE_59	526	526	643245	1222.9	1222.9
CRE_60	1484	1484	2.4966e+06	1682.35	1682.35
CRE_61	1209	1209	107944	89.2834	89.2834
CRE_62	693	693	101059	145.828	145.828
CRE_63	555	555	135611	244.345	244.345
CRE_64	806	806	23511.2	29.1702	29.1702
CRE_65	1139	1139	0	0	0
CRE_66	832	832	26498.8	31.8495	31.8495
CRE_67	874	874	2208.23	2.52658	2.52658
CRE_68	928	928	398521	429.441	429.441
CRE_69	907	907	58193.4	64.1603	64.1603
CRE_70	966	966	56245	58.2246	58.2246
CRE_71	1376	1376	254856	185.215	185.215
CRE_72	565	565	102748	181.854	181.854
CRE_73	357	357	0	0	0
CRE_74	1131	1131	35071.9	31.0097	31.0097
CRE_75	403	403	37020.4	91.8619	91.8619
CRE_76	1532	1532	0	0	0
CRE_77	1304	1304	24030.8	18.4285	18.4285
CRE_78	993	993	0	0	0
CRE_79	1214	1214	0	0	0
CRE_80	989	989	0	0	0
CRE_81	1811	1811	0	0	0
CRE_82	1152	1152	0	0	0
CRE_83	319	319	69234.6	217.036	217.036
CRE_84	1627	1627	22991.6	14.1313	14.1313
CRE_85	1155	1155	16496.8	14.2829	14.2829
CRE_86	714	714	0	0	0
CRE_87	954	954	185751	194.708	194.708
CRE_88	1341	1341	57414	42.8143	42.8143
CRE_89	667	667	0	0	0
CRE_90	1028	1028	52218.2	50.7959	50.7959
CRE_91	1007	1007	29616.3	29.4104	29.4104
CRE_92	201	201	3507.19	17.4487	17.4487
CRE_93	1552	1552	0	0	0
CRE_94	1166	1166	18185.4	15.5964	15.5964
CRE_95	540	540	56245	104.157	104.157
CRE_96	736	736	0	0	0
CRE_97	1445	1445	0	0	0
CRE_98	961	961	0	0	0
CRE_99	1844	1844	119504	64.8071	64.8071
CRE_100	946	946	56504.8	59.7302	59.7302
CRE_101	224	224	0	0	0
CRE_102	300	300	0	0	0
CRE_103	1934	1934	18705	9.67168	9.67168
CRE_104	368	368	7793.76	21.1787	21.1787
CRE_105	1519	1519	283303	186.506	186.506
CRE_106	932	932	61181	65.6449	65.6449
CRE_107	856	856	9872.1	11.5328	11.5328
CRE_108	1299	1299	0	0	0
CRE_109	715	715	0	0	0
CRE_110	763	763	193025	252.982	252.982
CRE_111	1287	1287	68585.1	53.2907	53.2907
CRE_112	1291	1291	37669.8	29.1788	29.1788
CRE_113	713	713	238359	334.305	334.305
CRE_114	827	827	185102	223.823	223.823
CRE_115	217	217	19484.4	89.7899	89.7899
CRE_116	918	918	0	0	0
CRE_117	1024	1024	88069.5	86.0054	86.0054
CRE_118	728	728	69494.4	95.4593	95.4593
CRE_119	1489	1489	165877	111.402	111.402
CRE_120	1613	1613	478537	296.675	296.675
CRE_121	1421	1421	0	0	0
CRE_122	1080	1080	0	0	0
CRE_123	1496	1496	87160.2	58.2622	58.2622
CRE_124	225	225	29226.6	129.896	129.896
CRE_125	1027	1027	23251.4	22.6401	22.6401
CRE_126	1783	1783	46762.6	26.2269	26.2269
CRE_127	1823	1823	182244	99.9693	99.9693
CRE_128	1366	1366	363449	266.068	266.068
CRE_129	1394	1394	172112	123.466	123.466
CRE_130	1873	1873	213419	113.945	113.945
CRE_131	290	290	0	0	0
CRE_132	232	232	23251.4	100.221	100.221
CRE_133	458	458	87939.6	192.008	192.008
CRE_134	1023	1023	113399	110.85	110.85
CRE_135	1275	1275	38059.5	29.8506	29.8506
CRE_136	1309	1309	98201.4	75.0201	75.0201
CRE_137	1661	1661	0	0	0
CRE_138	734	734	23121.5	31.5007	31.5007
Mb21d2_control	1000	1000	1.63357e+06	1633.57	1633.57
Fgf12_control	1000	1000	974739	974.739	974.739
Wnt3_control	1000	1000	1.65734e+06	1657.34	1657.34
Zic3_promoter	1000	1000	127948	127.948	127.948
Rnf12_promoter	1000	1000	171593	171.593	171.593
