name	size	covered	sum	mean0	mean 
CRE_1	1023	1023	523276	511.511	511.511
CRE_2	966	966	227239	235.237	235.237
CRE_3	703	703	144631	205.733	205.733
CRE_4	1453	1453	0	0	0
CRE_5	928	928	49252.6	53.074	53.074
CRE_6	769	769	0	0	0
CRE_7	1212	1212	35441.1	29.2418	29.2418
CRE_8	979	979	208737	213.215	213.215
CRE_9	806	806	0	0	0
CRE_10	1639	1639	44301.3	27.0295	27.0295
CRE_11	304	304	241833	795.502	795.502
CRE_12	740	740	1.27327e+06	1720.64	1720.64
CRE_13	1078	1078	31271.5	29.0088	29.0088
CRE_14	231	231	0	0	0
CRE_15	1149	1149	0	0	0
CRE_16	243	243	0	0	0
CRE_17	1025	1025	0	0	0
CRE_18	885	885	154012	174.025	174.025
CRE_19	59	59	0	0	0
CRE_20	1356	1356	189453	139.715	139.715
CRE_21	266	266	0	0	0
CRE_22	1766	1766	0	0	0
CRE_23	367	367	0	0	0
CRE_24	1349	1349	0	0	0
CRE_25	1570	1570	0	0	0
CRE_26	1137	1137	0	0	0
CRE_27	1130	1130	0	0	0
CRE_28	681	681	121177	177.94	177.94
CRE_29	1054	1054	0	0	0
CRE_30	1268	1268	100851	79.5352	79.5352
CRE_31	1838	1838	14593.4	7.93981	7.93981
CRE_32	825	825	16157	19.5842	19.5842
CRE_33	658	658	0	0	0
CRE_34	707	707	0	0	0
CRE_35	475	475	58894.7	123.989	123.989
CRE_36	1607	1607	28405	17.6758	17.6758
CRE_37	874	874	0	0	0
CRE_38	1250	1250	29707.9	23.7664	23.7664
CRE_39	1432	1432	17459.9	12.1927	12.1927
CRE_40	368	368	91208.6	247.849	247.849
CRE_41	766	766	46646.7	60.8965	60.8965
CRE_42	761	761	118311	155.467	155.467
CRE_43	1781	1781	67233.8	37.7506	37.7506
CRE_44	107	107	0	0	0
CRE_45	1087	1087	0	0	0
CRE_46	1107	1107	168866	152.544	152.544
CRE_47	514	514	0	0	0
CRE_48	1430	1430	21108.3	14.761	14.761
CRE_49	782	782	597025	763.459	763.459
CRE_50	1162	1162	297340	255.886	255.886
CRE_51	1364	1364	246524	180.736	180.736
CRE_52	1378	1378	296819	215.398	215.398
CRE_53	954	954	123262	129.205	129.205
CRE_54	453	453	106063	234.134	234.134
CRE_55	1360	1360	1.05463e+06	775.463	775.463
CRE_56	435	435	445879	1025.01	1025.01
CRE_57	1638	1638	3.85238e+06	2351.88	2351.88
CRE_58	673	673	302551	449.556	449.556
CRE_59	526	526	652010	1239.56	1239.56
CRE_60	1484	1484	2.3365e+06	1574.46	1574.46
CRE_61	1209	1209	111274	92.0384	92.0384
CRE_62	693	693	33616.9	48.5092	48.5092
CRE_63	555	555	63585.4	114.568	114.568
CRE_64	806	806	23974.8	29.7455	29.7455
CRE_65	1139	1139	0	0	0
CRE_66	832	832	102675	123.407	123.407
CRE_67	874	874	0	0	0
CRE_68	928	928	160267	172.701	172.701
CRE_69	907	907	16157	17.8136	17.8136
CRE_70	966	966	73748.5	76.3442	76.3442
CRE_71	1376	1376	68015.6	49.4299	49.4299
CRE_72	565	565	248869	440.476	440.476
CRE_73	357	357	89123.8	249.646	249.646
CRE_74	1131	1131	53422.2	47.2345	47.2345
CRE_75	403	403	39610.6	98.2893	98.2893
CRE_76	1532	1532	15635.8	10.2061	10.2061
CRE_77	1304	1304	58112.9	44.5651	44.5651
CRE_78	993	993	0	0	0
CRE_79	1214	1214	0	0	0
CRE_80	989	989	0	0	0
CRE_81	1811	1811	0	0	0
CRE_82	1152	1152	0	0	0
CRE_83	319	319	0	0	0
CRE_84	1627	1627	120656	74.1585	74.1585
CRE_85	1155	1155	103457	89.5728	89.5728
CRE_86	714	714	0	0	0
CRE_87	954	954	109711	115.001	115.001
CRE_88	1341	1341	0	0	0
CRE_89	667	667	0	0	0
CRE_90	1028	1028	118832	115.595	115.595
CRE_91	1007	1007	4430.13	4.39934	4.39934
CRE_92	201	201	0	0	0
CRE_93	1552	1552	16938.7	10.9141	10.9141
CRE_94	1166	1166	0	0	0
CRE_95	540	540	38307.6	70.94	70.94
CRE_96	736	736	68276.2	92.7665	92.7665
CRE_97	1445	1445	54464.6	37.6917	37.6917
CRE_98	961	961	72185	75.1145	75.1145
CRE_99	1844	1844	258250	140.049	140.049
CRE_100	946	946	81306	85.9471	85.9471
CRE_101	224	224	7817.88	34.9013	34.9013
CRE_102	300	300	0	0	0
CRE_103	1934	1934	0	0	0
CRE_104	368	368	134207	364.692	364.692
CRE_105	1519	1519	69579.1	45.8059	45.8059
CRE_106	932	932	0	0	0
CRE_107	856	856	0	0	0
CRE_108	1299	1299	0	0	0
CRE_109	715	715	0	0	0
CRE_110	763	763	170169	223.026	223.026
CRE_111	1287	1287	160527	124.73	124.73
CRE_112	1291	1291	86257.2	66.8142	66.8142
CRE_113	713	713	107366	150.583	150.583
CRE_114	827	827	138116	167.008	167.008
CRE_115	217	217	0	0	0
CRE_116	918	918	96941.6	105.601	105.601
CRE_117	1024	1024	0	0	0
CRE_118	728	728	181635	249.499	249.499
CRE_119	1489	1489	347374	233.293	233.293
CRE_120	1613	1613	331478	205.504	205.504
CRE_121	1421	1421	0	0	0
CRE_122	1080	1080	0	0	0
CRE_123	1496	1496	0	0	0
CRE_124	225	225	0	0	0
CRE_125	1027	1027	0	0	0
CRE_126	1783	1783	80003	44.8699	44.8699
CRE_127	1823	1823	532136	291.901	291.901
CRE_128	1366	1366	119092	87.1831	87.1831
CRE_129	1394	1394	158442	113.66	113.66
CRE_130	1873	1873	274668	146.646	146.646
CRE_131	290	290	31271.5	107.833	107.833
CRE_132	232	232	59155.3	254.98	254.98
CRE_133	458	458	59155.3	129.16	129.16
CRE_134	1023	1023	42216.6	41.2674	41.2674
CRE_135	1275	1275	54985.8	43.1261	43.1261
CRE_136	1309	1309	103457	79.0348	79.0348
CRE_137	1661	1661	44040.7	26.5146	26.5146
CRE_138	734	734	51337.4	69.942	69.942
Mb21d2_control	1000	1000	808106	808.106	808.106
Fgf12_control	1000	1000	1.11405e+06	1114.05	1114.05
Wnt3_control	1000	1000	830779	830.779	830.779
Zic3_promoter	1000	1000	81045.3	81.0453	81.0453
Rnf12_promoter	1000	1000	91729.7	91.7297	91.7297
