name	size	covered	sum	mean0	mean 
CRE_1	1023	1023	578693	565.682	565.682
CRE_2	966	966	421623	436.463	436.463
CRE_3	703	703	169837	241.589	241.589
CRE_4	1453	1453	0	0	0
CRE_5	928	928	0	0	0
CRE_6	769	769	118470	154.058	154.058
CRE_7	1212	1212	0	0	0
CRE_8	979	979	201607	205.932	205.932
CRE_9	806	806	0	0	0
CRE_10	1639	1639	0	0	0
CRE_11	304	304	341455	1123.21	1123.21
CRE_12	740	740	959639	1296.81	1296.81
CRE_13	1078	1078	72448	67.2059	67.2059
CRE_14	231	231	34739.4	150.387	150.387
CRE_15	1149	1149	0	0	0
CRE_16	243	243	0	0	0
CRE_17	1025	1025	0	0	0
CRE_18	885	885	90263.1	101.992	101.992
CRE_19	59	59	6532.2	110.715	110.715
CRE_20	1356	1356	179635	132.474	132.474
CRE_21	266	266	0	0	0
CRE_22	1766	1766	24941.1	14.1229	14.1229
CRE_23	367	367	0	0	0
CRE_24	1349	1349	110157	81.658	81.658
CRE_25	1570	1570	82246.3	52.3862	52.3862
CRE_26	1137	1137	0	0	0
CRE_27	1130	1130	36817.8	32.5822	32.5822
CRE_28	681	681	0	0	0
CRE_29	1054	1054	0	0	0
CRE_30	1268	1268	112829	88.9817	88.9817
CRE_31	1838	1838	21378.1	11.6312	11.6312
CRE_32	825	825	0	0	0
CRE_33	658	658	0	0	0
CRE_34	707	707	47210	66.7751	66.7751
CRE_35	475	475	0	0	0
CRE_36	1607	1607	0	0	0
CRE_37	874	874	242285	277.214	277.214
CRE_38	1250	1250	53742.2	42.9937	42.9937
CRE_39	1432	1432	48694.6	34.0046	34.0046
CRE_40	368	368	0	0	0
CRE_41	766	766	0	0	0
CRE_42	761	761	0	0	0
CRE_43	1781	1781	186168	104.53	104.53
CRE_44	107	107	0	0	0
CRE_45	1087	1087	0	0	0
CRE_46	1107	1107	0	0	0
CRE_47	514	514	103624	201.604	201.604
CRE_48	1430	1430	0	0	0
CRE_49	782	782	606900	776.087	776.087
CRE_50	1162	1162	464676	399.893	399.893
CRE_51	1364	1364	491102	360.046	360.046
CRE_52	1378	1378	255349	185.304	185.304
CRE_53	954	954	0	0	0
CRE_54	453	453	122330	270.044	270.044
CRE_55	1360	1360	435579	320.278	320.278
CRE_56	435	435	317108	728.984	728.984
CRE_57	1638	1638	4.40032e+06	2686.4	2686.4
CRE_58	673	673	149053	221.475	221.475
CRE_59	526	526	607494	1154.93	1154.93
CRE_60	1484	1484	2.98818e+06	2013.6	2013.6
CRE_61	1209	1209	209030	172.895	172.895
CRE_62	693	693	58195.9	83.9768	83.9768
CRE_63	555	555	38599.3	69.5484	69.5484
CRE_64	806	806	45131.5	55.9945	55.9945
CRE_65	1139	1139	0	0	0
CRE_66	832	832	24644.2	29.6204	29.6204
CRE_67	874	874	0	0	0
CRE_68	928	928	477741	514.807	514.807
CRE_69	907	907	0	0	0
CRE_70	966	966	0	0	0
CRE_71	1376	1376	72744.9	52.8669	52.8669
CRE_72	565	565	266335	471.39	471.39
CRE_73	357	357	0	0	0
CRE_74	1131	1131	17815.1	15.7516	15.7516
CRE_75	403	403	49882.2	123.777	123.777
CRE_76	1532	1532	120846	78.881	78.881
CRE_77	1304	1304	206061	158.022	158.022
CRE_78	993	993	0	0	0
CRE_79	1214	1214	0	0	0
CRE_80	989	989	0	0	0
CRE_81	1811	1811	59383.6	32.7905	32.7905
CRE_82	1152	1152	0	0	0
CRE_83	319	319	22565.8	70.7391	70.7391
CRE_84	1627	1627	0	0	0
CRE_85	1155	1155	96498.3	83.5484	83.5484
CRE_86	714	714	0	0	0
CRE_87	954	954	382133	400.559	400.559
CRE_88	1341	1341	41568.5	30.9982	30.9982
CRE_89	667	667	18705.8	28.0447	28.0447
CRE_90	1028	1028	106297	103.401	103.401
CRE_91	1007	1007	45428.5	45.1127	45.1127
CRE_92	201	201	1187.67	5.90882	5.90882
CRE_93	1552	1552	105703	68.1075	68.1075
CRE_94	1166	1166	0	0	0
CRE_95	540	540	132425	245.232	245.232
CRE_96	736	736	46913	63.7405	63.7405
CRE_97	1445	1445	48991.5	33.9041	33.9041
CRE_98	961	961	31473.3	32.7506	32.7506
CRE_99	1844	1844	193591	104.984	104.984
CRE_100	946	946	0	0	0
CRE_101	224	224	0	0	0
CRE_102	300	300	0	0	0
CRE_103	1934	1934	0	0	0
CRE_104	368	368	0	0	0
CRE_105	1519	1519	153507	101.058	101.058
CRE_106	932	932	18408.9	19.7521	19.7521
CRE_107	856	856	0	0	0
CRE_108	1299	1299	0	0	0
CRE_109	715	715	0	0	0
CRE_110	763	763	336111	440.513	440.513
CRE_111	1287	1287	86700.1	67.366	67.366
CRE_112	1291	1291	138661	107.406	107.406
CRE_113	713	713	199529	279.844	279.844
CRE_114	827	827	143708	173.771	173.771
CRE_115	217	217	2375.34	10.9463	10.9463
CRE_116	918	918	0	0	0
CRE_117	1024	1024	0	0	0
CRE_118	728	728	143411	196.994	196.994
CRE_119	1489	1489	317108	212.967	212.967
CRE_120	1613	1613	304935	189.048	189.048
CRE_121	1421	1421	0	0	0
CRE_122	1080	1080	0	0	0
CRE_123	1496	1496	0	0	0
CRE_124	225	225	0	0	0
CRE_125	1027	1027	0	0	0
CRE_126	1783	1783	266632	149.541	149.541
CRE_127	1823	1823	265445	145.609	145.609
CRE_128	1366	1366	71557.2	52.3845	52.3845
CRE_129	1394	1394	139551	100.109	100.109
CRE_130	1873	1873	564738	301.515	301.515
CRE_131	290	290	0	0	0
CRE_132	232	232	0	0	0
CRE_133	458	458	14845.9	32.4146	32.4146
CRE_134	1023	1023	198935	194.462	194.462
CRE_135	1275	1275	0	0	0
CRE_136	1309	1309	179635	137.231	137.231
CRE_137	1661	1661	63243.5	38.0756	38.0756
CRE_138	734	734	0	0	0
Mb21d2_control	1000	1000	983688	983.688	983.688
Fgf12_control	1000	1000	510996	510.996	510.996
Wnt3_control	1000	1000	1.25566e+06	1255.66	1255.66
Zic3_promoter	1000	1000	34442.5	34.4425	34.4425
Rnf12_promoter	1000	1000	176666	176.666	176.666
