name	size	covered	sum	mean0	mean 
CRE_1	1023	1023	697087	681.414	681.414
CRE_2	966	966	723106	748.557	748.557
CRE_3	703	703	171600	244.097	244.097
CRE_4	1453	1453	0	0	0
CRE_5	928	928	0	0	0
CRE_6	769	769	93079.3	121.039	121.039
CRE_7	1212	1212	22301.9	18.4009	18.4009
CRE_8	979	979	123280	125.924	125.924
CRE_9	806	806	0	0	0
CRE_10	1639	1639	0	0	0
CRE_11	304	304	417540	1373.49	1373.49
CRE_12	740	740	1.11385e+06	1505.21	1505.21
CRE_13	1078	1078	24934.7	23.1305	23.1305
CRE_14	231	231	26173.7	113.306	113.306
CRE_15	1149	1149	0	0	0
CRE_16	243	243	22456.7	92.4145	92.4145
CRE_17	1025	1025	23850.6	23.2689	23.2689
CRE_18	885	885	0	0	0
CRE_19	59	59	0	0	0
CRE_20	1356	1356	453161	334.189	334.189
CRE_21	266	266	87658.6	329.544	329.544
CRE_22	1766	1766	71551.8	40.5163	40.5163
CRE_23	367	367	21992.1	59.924	59.924
CRE_24	1349	1349	0	0	0
CRE_25	1570	1570	57303.4	36.499	36.499
CRE_26	1137	1137	145117	127.631	127.631
CRE_27	1130	1130	175317	155.148	155.148
CRE_28	681	681	73874.8	108.48	108.48
CRE_29	1054	1054	0	0	0
CRE_30	1268	1268	48785.3	38.4742	38.4742
CRE_31	1838	1838	0	0	0
CRE_32	825	825	0	0	0
CRE_33	658	658	0	0	0
CRE_34	707	707	40886.7	57.8313	57.8313
CRE_35	475	475	0	0	0
CRE_36	1607	1607	0	0	0
CRE_37	874	874	8363.2	9.56887	9.56887
CRE_38	1250	1250	520841	416.672	416.672
CRE_39	1432	1432	0	0	0
CRE_40	368	368	97570.6	265.137	265.137
CRE_41	766	766	100049	130.612	130.612
CRE_42	761	761	245165	322.162	322.162
CRE_43	1781	1781	100358	56.3494	56.3494
CRE_44	107	107	0	0	0
CRE_45	1087	1087	2942.61	2.70709	2.70709
CRE_46	1107	1107	70312.8	63.5165	63.5165
CRE_47	514	514	0	0	0
CRE_48	1430	1430	50334	35.1986	35.1986
CRE_49	782	782	1.22645e+06	1568.34	1568.34
CRE_50	1162	1162	536483	461.689	461.689
CRE_51	1364	1364	865744	634.71	634.71
CRE_52	1378	1378	141400	102.612	102.612
CRE_53	954	954	69228.7	72.5667	72.5667
CRE_54	453	453	98654.7	217.781	217.781
CRE_55	1360	1360	701270	515.639	515.639
CRE_56	435	435	525487	1208.02	1208.02
CRE_57	1638	1638	6.84836e+06	4180.93	4180.93
CRE_58	673	673	187707	278.911	278.911
CRE_59	526	526	1.38953e+06	2641.69	2641.69
CRE_60	1484	1484	3.80277e+06	2562.51	2562.51
CRE_61	1209	1209	23695.7	19.5994	19.5994
CRE_62	693	693	95712.1	138.113	138.113
CRE_63	555	555	75268.8	135.619	135.619
CRE_64	806	806	156268	193.881	193.881
CRE_65	1139	1139	24005.5	21.0759	21.0759
CRE_66	832	832	140625	169.021	169.021
CRE_67	874	874	30045.6	34.3771	34.3771
CRE_68	928	928	647837	698.101	698.101
CRE_69	907	907	0	0	0
CRE_70	966	966	111354	115.274	115.274
CRE_71	1376	1376	166489	120.995	120.995
CRE_72	565	565	261582	462.977	462.977
CRE_73	357	357	54051	151.403	151.403
CRE_74	1131	1131	218992	193.627	193.627
CRE_75	403	403	23540.8	58.414	58.414
CRE_76	1532	1532	249037	162.557	162.557
CRE_77	1304	1304	146975	112.711	112.711
CRE_78	993	993	81154	81.7261	81.7261
CRE_79	1214	1214	0	0	0
CRE_80	989	989	0	0	0
CRE_81	1811	1811	0	0	0
CRE_82	1152	1152	30665.1	26.619	26.619
CRE_83	319	319	0	0	0
CRE_84	1627	1627	79295.5	48.7372	48.7372
CRE_85	1155	1155	0	0	0
CRE_86	714	714	0	0	0
CRE_87	954	954	204898	214.778	214.778
CRE_88	1341	1341	39338	29.3348	29.3348
CRE_89	667	667	31439.4	47.1356	47.1356
CRE_90	1028	1028	38718.5	37.6639	37.6639
CRE_91	1007	1007	70157.9	69.6702	69.6702
CRE_92	201	201	0	0	0
CRE_93	1552	1552	51727.9	33.3298	33.3298
CRE_94	1166	1166	52347.4	44.8949	44.8949
CRE_95	540	540	40422.1	74.8558	74.8558
CRE_96	736	736	45687.8	62.0759	62.0759
CRE_97	1445	1445	275830	190.886	190.886
CRE_98	961	961	109031	113.456	113.456
CRE_99	1844	1844	28961.4	15.7058	15.7058
CRE_100	946	946	51108.4	54.0258	54.0258
CRE_101	224	224	1393.87	6.22262	6.22262
CRE_102	300	300	0	0	0
CRE_103	1934	1934	15642.3	8.08804	8.08804
CRE_104	368	368	59626.5	162.028	162.028
CRE_105	1519	1519	150073	98.7972	98.7972
CRE_106	932	932	69383.5	74.4459	74.4459
CRE_107	856	856	0	0	0
CRE_108	1299	1299	0	0	0
CRE_109	715	715	0	0	0
CRE_110	763	763	82547.8	108.189	108.189
CRE_111	1287	1287	89672	69.6752	69.6752
CRE_112	1291	1291	152706	118.285	118.285
CRE_113	713	713	160294	224.817	224.817
CRE_114	827	827	350944	424.358	424.358
CRE_115	217	217	1393.87	6.42335	6.42335
CRE_116	918	918	32368.7	35.26	35.26
CRE_117	1024	1024	125912	122.961	122.961
CRE_118	728	728	61175.2	84.0319	84.0319
CRE_119	1489	1489	316562	212.601	212.601
CRE_120	1613	1613	400814	248.489	248.489
CRE_121	1421	1421	14093.5	9.91804	9.91804
CRE_122	1080	1080	0	0	0
CRE_123	1496	1496	131023	87.5825	87.5825
CRE_124	225	225	0	0	0
CRE_125	1027	1027	0	0	0
CRE_126	1783	1783	277069	155.395	155.395
CRE_127	1823	1823	276760	151.815	151.815
CRE_128	1366	1366	428381	313.602	313.602
CRE_129	1394	1394	82238.1	58.9943	58.9943
CRE_130	1873	1873	132727	70.8633	70.8633
CRE_131	290	290	23076.2	79.5732	79.5732
CRE_132	232	232	0	0	0
CRE_133	458	458	131178	286.415	286.415
CRE_134	1023	1023	85800.2	83.8712	83.8712
CRE_135	1275	1275	37944.1	29.7601	29.7601
CRE_136	1309	1309	236492	180.666	180.666
CRE_137	1661	1661	0	0	0
CRE_138	734	734	0	0	0
Mb21d2_control	1000	1000	2.28935e+06	2289.35	2289.35
Fgf12_control	1000	1000	821296	821.296	821.296
Wnt3_control	1000	1000	2.24102e+06	2241.02	2241.02
Zic3_promoter	1000	1000	134121	134.121	134.121
Rnf12_promoter	1000	1000	173923	173.923	173.923
