name	size	covered	sum	mean0	mean 
CRE_1	1023	1023	297805	291.11	291.11
CRE_2	966	966	179866	186.197	186.197
CRE_3	703	703	78626.1	111.844	111.844
CRE_4	1453	1453	0	0	0
CRE_5	928	928	74799.1	80.6025	80.6025
CRE_6	769	769	96717	125.77	125.77
CRE_7	1212	1212	0	0	0
CRE_8	979	979	0	0	0
CRE_9	806	806	0	0	0
CRE_10	1639	1639	0	0	0
CRE_11	304	304	29571.8	97.2755	97.2755
CRE_12	740	740	822791	1111.88	1111.88
CRE_13	1078	1078	0	0	0
CRE_14	231	231	0	0	0
CRE_15	1149	1149	0	0	0
CRE_16	243	243	0	0	0
CRE_17	1025	1025	22613.7	22.0621	22.0621
CRE_18	885	885	78626.1	88.843	88.843
CRE_19	59	59	0	0	0
CRE_20	1356	1356	108198	79.7919	79.7919
CRE_21	266	266	0	0	0
CRE_22	1766	1766	151686	85.8923	85.8923
CRE_23	367	367	0	0	0
CRE_24	1349	1349	0	0	0
CRE_25	1570	1570	20178.4	12.8525	12.8525
CRE_26	1137	1137	0	0	0
CRE_27	1130	1130	0	0	0
CRE_28	681	681	62274.6	91.4459	91.4459
CRE_29	1054	1054	0	0	0
CRE_30	1268	1268	0	0	0
CRE_31	1838	1838	0	0	0
CRE_32	825	825	0	0	0
CRE_33	658	658	0	0	0
CRE_34	707	707	68189	96.4484	96.4484
CRE_35	475	475	0	0	0
CRE_36	1607	1607	0	0	0
CRE_37	874	874	0	0	0
CRE_38	1250	1250	200392	160.314	160.314
CRE_39	1432	1432	60187.2	42.0302	42.0302
CRE_40	368	368	0	0	0
CRE_41	766	766	0	0	0
CRE_42	761	761	0	0	0
CRE_43	1781	1781	101588	57.0397	57.0397
CRE_44	107	107	0	0	0
CRE_45	1087	1087	43487.9	40.0072	40.0072
CRE_46	1107	1107	0	0	0
CRE_47	514	514	0	0	0
CRE_48	1430	1430	53925	37.7098	37.7098
CRE_49	782	782	857233	1096.21	1096.21
CRE_50	1162	1162	211525	182.035	182.035
CRE_51	1364	1364	658232	482.575	482.575
CRE_52	1378	1378	277279	201.218	201.218
CRE_53	954	954	65405.8	68.5595	68.5595
CRE_54	453	453	30615.5	67.5838	67.5838
CRE_55	1360	1360	670409	492.948	492.948
CRE_56	435	435	174647	401.488	401.488
CRE_57	1638	1638	4.6699e+06	2850.98	2850.98
CRE_58	673	673	94629.6	140.609	140.609
CRE_59	526	526	190651	362.454	362.454
CRE_60	1484	1484	1.9166e+06	1291.51	1291.51
CRE_61	1209	1209	277975	229.921	229.921
CRE_62	693	693	0	0	0
CRE_63	555	555	44183.7	79.6102	79.6102
CRE_64	806	806	0	0	0
CRE_65	1139	1139	0	0	0
CRE_66	832	832	0	0	0
CRE_67	874	874	0	0	0
CRE_68	928	928	352426	379.769	379.769
CRE_69	907	907	0	0	0
CRE_70	966	966	67493.2	69.8687	69.8687
CRE_71	1376	1376	0	0	0
CRE_72	565	565	123158	217.978	217.978
CRE_73	357	357	0	0	0
CRE_74	1131	1131	26092.7	23.0705	23.0705
CRE_75	403	403	0	0	0
CRE_76	1532	1532	0	0	0
CRE_77	1304	1304	62970.4	48.2902	48.2902
CRE_78	993	993	0	0	0
CRE_79	1214	1214	88019.5	72.5037	72.5037
CRE_80	989	989	0	0	0
CRE_81	1811	1811	0	0	0
CRE_82	1152	1152	86279.9	74.8958	74.8958
CRE_83	319	319	37921.4	118.876	118.876
CRE_84	1627	1627	90106.9	55.3822	55.3822
CRE_85	1155	1155	0	0	0
CRE_86	714	714	0	0	0
CRE_87	954	954	0	0	0
CRE_88	1341	1341	0	0	0
CRE_89	667	667	95325.4	142.917	142.917
CRE_90	1028	1028	189955	184.781	184.781
CRE_91	1007	1007	0	0	0
CRE_92	201	201	0	0	0
CRE_93	1552	1552	288064	185.608	185.608
CRE_94	1166	1166	0	0	0
CRE_95	540	540	125245	231.935	231.935
CRE_96	736	736	0	0	0
CRE_97	1445	1445	0	0	0
CRE_98	961	961	45923.2	47.7869	47.7869
CRE_99	1844	1844	58099.8	31.5075	31.5075
CRE_100	946	946	0	0	0
CRE_101	224	224	77930.3	347.903	347.903
CRE_102	300	300	37225.6	124.085	124.085
CRE_103	1934	1934	0	0	0
CRE_104	368	368	247707	673.117	673.117
CRE_105	1519	1519	292239	192.389	192.389
CRE_106	932	932	0	0	0
CRE_107	856	856	0	0	0
CRE_108	1299	1299	0	0	0
CRE_109	715	715	0	0	0
CRE_110	763	763	161775	212.025	212.025
CRE_111	1287	1287	235530	183.007	183.007
CRE_112	1291	1291	695.806	0.538967	0.538967
CRE_113	713	713	110633	155.166	155.166
CRE_114	827	827	97412.8	117.791	117.791
CRE_115	217	217	0	0	0
CRE_116	918	918	0	0	0
CRE_117	1024	1024	194130	189.58	189.58
CRE_118	728	728	301284	413.852	413.852
CRE_119	1489	1489	198653	133.413	133.413
CRE_120	1613	1613	694414	430.511	430.511
CRE_121	1421	1421	0	0	0
CRE_122	1080	1080	0	0	0
CRE_123	1496	1496	68884.8	46.046	46.046
CRE_124	225	225	0	0	0
CRE_125	1027	1027	0	0	0
CRE_126	1783	1783	333639	187.122	187.122
CRE_127	1823	1823	757385	415.461	415.461
CRE_128	1366	1366	279714	204.769	204.769
CRE_129	1394	1394	60535.1	43.4255	43.4255
CRE_130	1873	1873	197261	105.318	105.318
CRE_131	290	290	0	0	0
CRE_132	232	232	0	0	0
CRE_133	458	458	162471	354.74	354.74
CRE_134	1023	1023	257100	251.32	251.32
CRE_135	1275	1275	0	0	0
CRE_136	1309	1309	176735	135.015	135.015
CRE_137	1661	1661	27136.4	16.3374	16.3374
CRE_138	734	734	11480.8	15.6414	15.6414
Mb21d2_control	1000	1000	726422	726.422	726.422
Fgf12_control	1000	1000	918465	918.465	918.465
Wnt3_control	1000	1000	781042	781.042	781.042
Zic3_promoter	1000	1000	33050.8	33.0508	33.0508
Rnf12_promoter	1000	1000	275539	275.539	275.539
