name	size	covered	sum	mean0	mean 
CRE_1	1023	1023	312783	305.751	305.751
CRE_2	966	966	507961	525.839	525.839
CRE_3	703	703	87545.9	124.532	124.532
CRE_4	1453	1453	112480	77.4122	77.4122
CRE_5	928	928	7480.19	8.06055	8.06055
CRE_6	769	769	0	0	0
CRE_7	1212	1212	84082.9	69.3753	69.3753
CRE_8	979	979	148496	151.681	151.681
CRE_9	806	806	0	0	0
CRE_10	1639	1639	98627.7	60.1755	60.1755
CRE_11	304	304	263331	866.22	866.22
CRE_12	740	740	271780	367.27	367.27
CRE_13	1078	1078	24795.4	23.0013	23.0013
CRE_14	231	231	3463.05	14.9916	14.9916
CRE_15	1149	1149	99043.2	86.1995	86.1995
CRE_16	243	243	0	0	0
CRE_17	1025	1025	0	0	0
CRE_18	885	885	71477.4	80.7654	80.7654
CRE_19	59	59	692.61	11.7392	11.7392
CRE_20	1356	1356	340072	250.79	250.79
CRE_21	266	266	22579.1	84.8838	84.8838
CRE_22	1766	1766	245045	138.757	138.757
CRE_23	367	367	0	0	0
CRE_24	1349	1349	0	0	0
CRE_25	1570	1570	9696.54	6.17614	6.17614
CRE_26	1137	1137	54577.7	48.0015	48.0015
CRE_27	1130	1130	22994.7	20.3493	20.3493
CRE_28	681	681	7203.14	10.5773	10.5773
CRE_29	1054	1054	0	0	0
CRE_30	1268	1268	18561.9	14.6388	14.6388
CRE_31	1838	1838	0	0	0
CRE_32	825	825	0	0	0
CRE_33	658	658	38232.1	58.1035	58.1035
CRE_34	707	707	36015.7	50.9416	50.9416
CRE_35	475	475	0	0	0
CRE_36	1607	1607	64412.7	40.0826	40.0826
CRE_37	874	874	0	0	0
CRE_38	1250	1250	141847	113.477	113.477
CRE_39	1432	1432	0	0	0
CRE_40	368	368	81589.5	221.71	221.71
CRE_41	766	766	0	0	0
CRE_42	761	761	0	0	0
CRE_43	1781	1781	0	0	0
CRE_44	107	107	3047.48	28.4812	28.4812
CRE_45	1087	1087	10527.7	9.68507	9.68507
CRE_46	1107	1107	0	0	0
CRE_47	514	514	19531.6	37.9992	37.9992
CRE_48	1430	1430	0	0	0
CRE_49	782	782	157084	200.875	200.875
CRE_50	1162	1162	0	0	0
CRE_51	1364	1364	112203	82.2601	82.2601
CRE_52	1378	1378	116220	84.3396	84.3396
CRE_53	954	954	37747.2	39.5673	39.5673
CRE_54	453	453	0	0	0
CRE_55	1360	1360	317631	233.552	233.552
CRE_56	435	435	154036	354.107	354.107
CRE_57	1638	1638	2.55698e+06	1561.04	1561.04
CRE_58	673	673	32691.2	48.5753	48.5753
CRE_59	526	526	187974	357.366	357.366
CRE_60	1484	1484	1.33729e+06	901.139	901.139
CRE_61	1209	1209	29228.1	24.1755	24.1755
CRE_62	693	693	102922	148.516	148.516
CRE_63	555	555	60672.6	109.32	109.32
CRE_64	806	806	5956.45	7.39013	7.39013
CRE_65	1139	1139	692.61	0.608086	0.608086
CRE_66	832	832	87823	105.556	105.556
CRE_67	874	874	0	0	0
CRE_68	928	928	95026.1	102.399	102.399
CRE_69	907	907	23548.7	25.9633	25.9633
CRE_70	966	966	40725.5	42.1589	42.1589
CRE_71	1376	1376	146141	106.207	106.207
CRE_72	565	565	75910.1	134.354	134.354
CRE_73	357	357	23410.2	65.5748	65.5748
CRE_74	1131	1131	58733.3	51.9304	51.9304
CRE_75	403	403	0	0	0
CRE_76	1532	1532	33522.3	21.8814	21.8814
CRE_77	1304	1304	17315.3	13.2786	13.2786
CRE_78	993	993	0	0	0
CRE_79	1214	1214	0	0	0
CRE_80	989	989	0	0	0
CRE_81	1811	1811	34214.9	18.8928	18.8928
CRE_82	1152	1152	0	0	0
CRE_83	319	319	32275.6	101.178	101.178
CRE_84	1627	1627	53053.9	32.6084	32.6084
CRE_85	1155	1155	159577	138.162	138.162
CRE_86	714	714	0	0	0
CRE_87	954	954	65382.4	68.535	68.535
CRE_88	1341	1341	27288.8	20.3496	20.3496
CRE_89	667	667	0	0	0
CRE_90	1028	1028	87961.5	85.5656	85.5656
CRE_91	1007	1007	2354.87	2.3385	2.3385
CRE_92	201	201	0	0	0
CRE_93	1552	1552	76187.1	49.0896	49.0896
CRE_94	1166	1166	0	0	0
CRE_95	540	540	0	0	0
CRE_96	736	736	0	0	0
CRE_97	1445	1445	36708.3	25.4037	25.4037
CRE_98	961	961	0	0	0
CRE_99	1844	1844	23964.3	12.9958	12.9958
CRE_100	946	946	24102.8	25.4787	25.4787
CRE_101	224	224	0	0	0
CRE_102	300	300	0	0	0
CRE_103	1934	1934	24379.9	12.6059	12.6059
CRE_104	368	368	50006.4	135.887	135.887
CRE_105	1519	1519	223436	147.094	147.094
CRE_106	932	932	0	0	0
CRE_107	856	856	0	0	0
CRE_108	1299	1299	0	0	0
CRE_109	715	715	0	0	0
CRE_110	763	763	112480	147.418	147.418
CRE_111	1287	1287	59010.4	45.8511	45.8511
CRE_112	1291	1291	144063	111.59	111.59
CRE_113	713	713	63443.1	88.9805	88.9805
CRE_114	827	827	128964	155.942	155.942
CRE_115	217	217	0	0	0
CRE_116	918	918	0	0	0
CRE_117	1024	1024	35323.1	34.4952	34.4952
CRE_118	728	728	93086.8	127.866	127.866
CRE_119	1489	1489	70369.2	47.2594	47.2594
CRE_120	1613	1613	25488	15.8016	15.8016
CRE_121	1421	1421	40171.4	28.2698	28.2698
CRE_122	1080	1080	32552.7	30.1414	30.1414
CRE_123	1496	1496	90177.8	60.2793	60.2793
CRE_124	225	225	24102.8	107.124	107.124
CRE_125	1027	1027	28397	27.6504	27.6504
CRE_126	1783	1783	32829.7	18.4126	18.4126
CRE_127	1823	1823	145725	79.937	79.937
CRE_128	1366	1366	49175.3	35.9995	35.9995
CRE_129	1394	1394	1385.22	0.993702	0.993702
CRE_130	1873	1873	61780.8	32.985	32.985
CRE_131	290	290	16761.2	57.7971	57.7971
CRE_132	232	232	2216.35	9.55324	9.55324
CRE_133	458	458	15237.4	33.2695	33.2695
CRE_134	1023	1023	30474.8	29.7897	29.7897
CRE_135	1275	1275	17730.8	13.9065	13.9065
CRE_136	1309	1309	5263.84	4.02127	4.02127
CRE_137	1661	1661	0	0	0
CRE_138	734	734	0	0	0
Mb21d2_control	1000	1000	1.6275e+06	1627.5	1627.5
Fgf12_control	1000	1000	1.21983e+06	1219.83	1219.83
Wnt3_control	1000	1000	1.70188e+06	1701.88	1701.88
Zic3_promoter	1000	1000	75217.4	75.2174	75.2174
Rnf12_promoter	1000	1000	58456.3	58.4563	58.4563
