name	size	covered	sum	mean0	mean 
CRE_1	1023	1023	705159	689.305	689.305
CRE_2	966	966	448967	464.769	464.769
CRE_3	703	703	86163.2	122.565	122.565
CRE_4	1453	1453	38371.3	26.4083	26.4083
CRE_5	928	928	0	0	0
CRE_6	769	769	109600	142.522	142.522
CRE_7	1212	1212	14015.8	11.5642	11.5642
CRE_8	979	979	65713.7	67.1233	67.1233
CRE_9	806	806	0	0	0
CRE_10	1639	1639	36303.3	22.1497	22.1497
CRE_11	304	304	102936	338.606	338.606
CRE_12	740	740	321446	434.386	434.386
CRE_13	1078	1078	19530.3	18.1171	18.1171
CRE_14	231	231	0	0	0
CRE_15	1149	1149	0	0	0
CRE_16	243	243	0	0	0
CRE_17	1025	1025	0	0	0
CRE_18	885	885	0	0	0
CRE_19	59	59	0	0	0
CRE_20	1356	1356	350626	258.574	258.574
CRE_21	266	266	0	0	0
CRE_22	1766	1766	111897	63.3618	63.3618
CRE_23	367	367	0	0	0
CRE_24	1349	1349	47102.5	34.9166	34.9166
CRE_25	1570	1570	0	0	0
CRE_26	1137	1137	26882.9	23.6437	23.6437
CRE_27	1130	1130	14475.4	12.8101	12.8101
CRE_28	681	681	63186.2	92.7845	92.7845
CRE_29	1054	1054	0	0	0
CRE_30	1268	1268	79270	62.5158	62.5158
CRE_31	1838	1838	11947.9	6.50051	6.50051
CRE_32	825	825	0	0	0
CRE_33	658	658	0	0	0
CRE_34	707	707	0	0	0
CRE_35	475	475	0	0	0
CRE_36	1607	1607	77431.8	48.1841	48.1841
CRE_37	874	874	0	0	0
CRE_38	1250	1250	340746	272.597	272.597
CRE_39	1432	1432	0	0	0
CRE_40	368	368	47332.2	128.62	128.62
CRE_41	766	766	24355.4	31.7956	31.7956
CRE_42	761	761	0	0	0
CRE_43	1781	1781	0	0	0
CRE_44	107	107	0	0	0
CRE_45	1087	1087	44804.8	41.2188	41.2188
CRE_46	1107	1107	81797.4	73.8911	73.8911
CRE_47	514	514	0	0	0
CRE_48	1430	1430	74904.4	52.3807	52.3807
CRE_49	782	782	63416	81.0947	81.0947
CRE_50	1162	1162	0	0	0
CRE_51	1364	1364	207940	152.449	152.449
CRE_52	1378	1378	38830.8	28.1791	28.1791
CRE_53	954	954	79499.9	83.3332	83.3332
CRE_54	453	453	12407.5	27.3896	27.3896
CRE_55	1360	1360	424842	312.384	312.384
CRE_56	435	435	296171	680.854	680.854
CRE_57	1638	1638	2.42612e+06	1481.15	1481.15
CRE_58	673	673	235742	350.286	350.286
CRE_59	526	526	696199	1323.57	1323.57
CRE_60	1484	1484	1.59919e+06	1077.62	1077.62
CRE_61	1209	1209	122466	101.296	101.296
CRE_62	693	693	54684.8	78.9102	78.9102
CRE_63	555	555	104774	188.782	188.782
CRE_64	806	806	0	0	0
CRE_65	1139	1139	0	0	0
CRE_66	832	832	0	0	0
CRE_67	874	874	0	0	0
CRE_68	928	928	171637	184.954	184.954
CRE_69	907	907	0	0	0
CRE_70	966	966	9880.02	10.2278	10.2278
CRE_71	1376	1376	116952	84.9943	84.9943
CRE_72	565	565	127981	226.515	226.515
CRE_73	357	357	0	0	0
CRE_74	1131	1131	87082.2	76.9958	76.9958
CRE_75	403	403	0	0	0
CRE_76	1532	1532	34005.7	22.1969	22.1969
CRE_77	1304	1304	47791.7	36.6501	36.6501
CRE_78	993	993	0	0	0
CRE_79	1214	1214	0	0	0
CRE_80	989	989	0	0	0
CRE_81	1811	1811	0	0	0
CRE_82	1152	1152	0	0	0
CRE_83	319	319	67551.8	211.761	211.761
CRE_84	1627	1627	0	0	0
CRE_85	1155	1155	22976.8	19.8933	19.8933
CRE_86	714	714	0	0	0
CRE_87	954	954	0	0	0
CRE_88	1341	1341	68011.3	50.7169	50.7169
CRE_89	667	667	17002.8	25.4915	25.4915
CRE_90	1028	1028	0	0	0
CRE_91	1007	1007	0	0	0
CRE_92	201	201	0	0	0
CRE_93	1552	1552	34465.2	22.207	22.207
CRE_94	1166	1166	20219.6	17.341	17.341
CRE_95	540	540	32167.5	59.5695	59.5695
CRE_96	736	736	71457.8	97.0895	97.0895
CRE_97	1445	1445	15394.5	10.6536	10.6536
CRE_98	961	961	35614	37.0594	37.0594
CRE_99	1844	1844	0	0	0
CRE_100	946	946	0	0	0
CRE_101	224	224	0	0	0
CRE_102	300	300	15394.5	51.3149	51.3149
CRE_103	1934	1934	19760	10.2172	10.2172
CRE_104	368	368	0	0	0
CRE_105	1519	1519	141537	93.1779	93.1779
CRE_106	932	932	0	0	0
CRE_107	856	856	0	0	0
CRE_108	1299	1299	54684.8	42.0976	42.0976
CRE_109	715	715	0	0	0
CRE_110	763	763	0	0	0
CRE_111	1287	1287	54684.8	42.4901	42.4901
CRE_112	1291	1291	223105	172.815	172.815
CRE_113	713	713	91447.8	128.258	128.258
CRE_114	827	827	53076.4	64.1795	64.1795
CRE_115	217	217	28031.7	129.178	129.178
CRE_116	918	918	0	0	0
CRE_117	1024	1024	0	0	0
CRE_118	728	728	0	0	0
CRE_119	1489	1489	112127	75.3034	75.3034
CRE_120	1613	1613	71917.4	44.5861	44.5861
CRE_121	1421	1421	0	0	0
CRE_122	1080	1080	0	0	0
CRE_123	1496	1496	18611.2	12.4406	12.4406
CRE_124	225	225	0	0	0
CRE_125	1027	1027	68930.4	67.1182	67.1182
CRE_126	1783	1783	0	0	0
CRE_127	1823	1823	275492	151.12	151.12
CRE_128	1366	1366	140159	102.605	102.605
CRE_129	1394	1394	29640.1	21.2626	21.2626
CRE_130	1873	1873	262395	140.094	140.094
CRE_131	290	290	52157.4	179.853	179.853
CRE_132	232	232	0	0	0
CRE_133	458	458	0	0	0
CRE_134	1023	1023	150958	147.564	147.564
CRE_135	1275	1275	0	0	0
CRE_136	1309	1309	94204.9	71.9671	71.9671
CRE_137	1661	1661	64564.8	38.871	38.871
CRE_138	734	734	0	0	0
Mb21d2_control	1000	1000	1.20904e+06	1209.04	1209.04
Fgf12_control	1000	1000	572813	572.813	572.813
Wnt3_control	1000	1000	1.51394e+06	1513.94	1513.94
Zic3_promoter	1000	1000	202655	202.655	202.655
Rnf12_promoter	1000	1000	0	0	0
