name	size	covered	sum	mean0	mean 
CRE_1	1023	1023	199738	195.247	195.247
CRE_2	966	966	92400.4	95.6526	95.6526
CRE_3	703	703	0	0	0
CRE_4	1453	1453	128527	88.4564	88.4564
CRE_5	928	928	0	0	0
CRE_6	769	769	63916.1	83.1158	83.1158
CRE_7	1212	1212	0	0	0
CRE_8	979	979	230306	235.247	235.247
CRE_9	806	806	0	0	0
CRE_10	1639	1639	24663.3	15.0478	15.0478
CRE_11	304	304	79200.4	260.528	260.528
CRE_12	740	740	124706	168.522	168.522
CRE_13	1078	1078	0	0	0
CRE_14	231	231	76421.5	330.829	330.829
CRE_15	1149	1149	0	0	0
CRE_16	243	243	0	0	0
CRE_17	1025	1025	0	0	0
CRE_18	885	885	87537.2	98.9121	98.9121
CRE_19	59	59	0	0	0
CRE_20	1356	1356	144506	106.568	106.568
CRE_21	266	266	0	0	0
CRE_22	1766	1766	81631.9	46.2242	46.2242
CRE_23	367	367	0	0	0
CRE_24	1349	1349	0	0	0
CRE_25	1570	1570	0	0	0
CRE_26	1137	1137	0	0	0
CRE_27	1130	1130	0	0	0
CRE_28	681	681	0	0	0
CRE_29	1054	1054	0	0	0
CRE_30	1268	1268	66000.3	52.0507	52.0507
CRE_31	1838	1838	0	0	0
CRE_32	825	825	75379.3	91.3688	91.3688
CRE_33	658	658	0	0	0
CRE_34	707	707	0	0	0
CRE_35	475	475	0	0	0
CRE_36	1607	1607	76074	47.3392	47.3392
CRE_37	874	874	0	0	0
CRE_38	1250	1250	143116	114.493	114.493
CRE_39	1432	1432	144506	100.912	100.912
CRE_40	368	368	118453	321.884	321.884
CRE_41	766	766	0	0	0
CRE_42	761	761	0	0	0
CRE_43	1781	1781	127137	71.3854	71.3854
CRE_44	107	107	0	0	0
CRE_45	1087	1087	22231.7	20.4523	20.4523
CRE_46	1107	1107	0	0	0
CRE_47	514	514	30568.6	59.4719	59.4719
CRE_48	1430	1430	48979.2	34.2512	34.2512
CRE_49	782	782	103864	132.818	132.818
CRE_50	1162	1162	0	0	0
CRE_51	1364	1364	165348	121.223	121.223
CRE_52	1378	1378	8857.93	6.42811	6.42811
CRE_53	954	954	0	0	0
CRE_54	453	453	193138	426.353	426.353
CRE_55	1360	1360	262612	193.097	193.097
CRE_56	435	435	242117	556.591	556.591
CRE_57	1638	1638	1.85183e+06	1130.54	1130.54
CRE_58	673	673	109422	162.588	162.588
CRE_59	526	526	154927	294.538	294.538
CRE_60	1484	1484	854878	576.063	576.063
CRE_61	1209	1209	34737	28.732	28.732
CRE_62	693	693	0	0	0
CRE_63	555	555	95874.3	172.746	172.746
CRE_64	806	806	168127	208.594	208.594
CRE_65	1139	1139	0	0	0
CRE_66	832	832	0	0	0
CRE_67	874	874	0	0	0
CRE_68	928	928	231001	248.924	248.924
CRE_69	907	907	0	0	0
CRE_70	966	966	8336.88	8.63031	8.63031
CRE_71	1376	1376	78853	57.306	57.306
CRE_72	565	565	61484.5	108.822	108.822
CRE_73	357	357	0	0	0
CRE_74	1131	1131	137559	121.626	121.626
CRE_75	403	403	0	0	0
CRE_76	1532	1532	0	0	0
CRE_77	1304	1304	0	0	0
CRE_78	993	993	13894.8	13.9927	13.9927
CRE_79	1214	1214	31958	26.3246	26.3246
CRE_80	989	989	0	0	0
CRE_81	1811	1811	0	0	0
CRE_82	1152	1152	0	0	0
CRE_83	319	319	0	0	0
CRE_84	1627	1627	174727	107.392	107.392
CRE_85	1155	1155	127832	110.677	110.677
CRE_86	714	714	0	0	0
CRE_87	954	954	0	0	0
CRE_88	1341	1341	37516	27.9761	27.9761
CRE_89	667	667	0	0	0
CRE_90	1028	1028	53842.3	52.3758	52.3758
CRE_91	1007	1007	0	0	0
CRE_92	201	201	0	0	0
CRE_93	1552	1552	0	0	0
CRE_94	1166	1166	0	0	0
CRE_95	540	540	0	0	0
CRE_96	736	736	0	0	0
CRE_97	1445	1445	0	0	0
CRE_98	961	961	0	0	0
CRE_99	1844	1844	0	0	0
CRE_100	946	946	0	0	0
CRE_101	224	224	0	0	0
CRE_102	300	300	0	0	0
CRE_103	1934	1934	0	0	0
CRE_104	368	368	0	0	0
CRE_105	1519	1519	29873.8	19.6668	19.6668
CRE_106	932	932	81979.3	87.9606	87.9606
CRE_107	856	856	0	0	0
CRE_108	1299	1299	0	0	0
CRE_109	715	715	0	0	0
CRE_110	763	763	35779.1	46.8927	46.8927
CRE_111	1287	1287	28831.7	22.4023	22.4023
CRE_112	1291	1291	254622	197.229	197.229
CRE_113	713	713	94137.3	132.03	132.03
CRE_114	827	827	170559	206.238	206.238
CRE_115	217	217	0	0	0
CRE_116	918	918	0	0	0
CRE_117	1024	1024	0	0	0
CRE_118	728	728	0	0	0
CRE_119	1489	1489	69821.4	46.8914	46.8914
CRE_120	1613	1613	0	0	0
CRE_121	1421	1421	0	0	0
CRE_122	1080	1080	0	0	0
CRE_123	1496	1496	0	0	0
CRE_124	225	225	0	0	0
CRE_125	1027	1027	0	0	0
CRE_126	1783	1783	180980	101.503	101.503
CRE_127	1823	1823	53147.6	29.1539	29.1539
CRE_128	1366	1366	0	0	0
CRE_129	1394	1394	84410.9	60.553	60.553
CRE_130	1873	1873	181675	96.9966	96.9966
CRE_131	290	290	0	0	0
CRE_132	232	232	0	0	0
CRE_133	458	458	44116	96.3231	96.3231
CRE_134	1023	1023	0	0	0
CRE_135	1275	1275	0	0	0
CRE_136	1309	1309	75726.7	57.8508	57.8508
CRE_137	1661	1661	73295.1	44.1271	44.1271
CRE_138	734	734	0	0	0
Mb21d2_control	1000	1000	634645	634.645	634.645
Fgf12_control	1000	1000	1.04211e+06	1042.11	1042.11
Wnt3_control	1000	1000	1.6771e+06	1677.1	1677.1
Zic3_promoter	1000	1000	26747.5	26.7475	26.7475
Rnf12_promoter	1000	1000	0	0	0
