name	size	covered	sum	mean0	mean 
CRE_1	1023	1023	334243	326.728	326.728
CRE_2	966	966	284561	294.577	294.577
CRE_3	703	703	54097	76.9516	76.9516
CRE_4	1453	1453	0	0	0
CRE_5	928	928	0	0	0
CRE_6	769	769	0	0	0
CRE_7	1212	1212	0	0	0
CRE_8	979	979	58789.1	60.0501	60.0501
CRE_9	806	806	0	0	0
CRE_10	1639	1639	121718	74.2637	74.2637
CRE_11	304	304	73417.3	241.504	241.504
CRE_12	740	740	355771	480.771	480.771
CRE_13	1078	1078	0	0	0
CRE_14	231	231	9660.18	41.8189	41.8189
CRE_15	1149	1149	0	0	0
CRE_16	243	243	0	0	0
CRE_17	1025	1025	0	0	0
CRE_18	885	885	228256	257.917	257.917
CRE_19	59	59	0	0	0
CRE_20	1356	1356	171951	126.808	126.808
CRE_21	266	266	40296.7	151.491	151.491
CRE_22	1766	1766	172779	97.8364	97.8364
CRE_23	367	367	0	0	0
CRE_24	1349	1349	0	0	0
CRE_25	1570	1570	0	0	0
CRE_26	1137	1137	0	0	0
CRE_27	1130	1130	0	0	0
CRE_28	681	681	25944.5	38.0976	38.0976
CRE_29	1054	1054	0	0	0
CRE_30	1268	1268	57133	45.0576	45.0576
CRE_31	1838	1838	0	0	0
CRE_32	825	825	0	0	0
CRE_33	658	658	2208.04	3.35568	3.35568
CRE_34	707	707	47196.9	66.7565	66.7565
CRE_35	475	475	0	0	0
CRE_36	1607	1607	75901.4	47.2317	47.2317
CRE_37	874	874	0	0	0
CRE_38	1250	1250	271037	216.83	216.83
CRE_39	1432	1432	0	0	0
CRE_40	368	368	147111	399.757	399.757
CRE_41	766	766	0	0	0
CRE_42	761	761	27876.5	36.6314	36.6314
CRE_43	1781	1781	91909.7	51.6057	51.6057
CRE_44	107	107	15456.3	144.451	144.451
CRE_45	1087	1087	77281.4	71.096	71.096
CRE_46	1107	1107	0	0	0
CRE_47	514	514	3864.07	7.51765	7.51765
CRE_48	1430	1430	0	0	0
CRE_49	782	782	134414	171.885	171.885
CRE_50	1162	1162	0	0	0
CRE_51	1364	1364	138003	101.175	101.175
CRE_52	1378	1378	294222	213.513	213.513
CRE_53	954	954	62377.1	65.3848	65.3848
CRE_54	453	453	128618	283.926	283.926
CRE_55	1360	1360	21528.4	15.8297	15.8297
CRE_56	435	435	185199	425.746	425.746
CRE_57	1638	1638	1.74353e+06	1064.42	1064.42
CRE_58	673	673	110402	164.045	164.045
CRE_59	526	526	195964	372.554	372.554
CRE_60	1484	1484	1.17026e+06	788.586	788.586
CRE_61	1209	1209	6072.11	5.02242	5.02242
CRE_62	693	693	111782	161.302	161.302
CRE_63	555	555	74521.4	134.273	134.273
CRE_64	806	806	65137.2	80.8154	80.8154
CRE_65	1139	1139	0	0	0
CRE_66	832	832	46644.8	56.0635	56.0635
CRE_67	874	874	0	0	0
CRE_68	928	928	134966	145.438	145.438
CRE_69	907	907	13524.2	14.911	14.911
CRE_70	966	966	0	0	0
CRE_71	1376	1376	86113.6	62.5825	62.5825
CRE_72	565	565	30360.6	53.7355	53.7355
CRE_73	357	357	0	0	0
CRE_74	1131	1131	0	0	0
CRE_75	403	403	0	0	0
CRE_76	1532	1532	101294	66.1187	66.1187
CRE_77	1304	1304	106814	81.9125	81.9125
CRE_78	993	993	0	0	0
CRE_79	1214	1214	0	0	0
CRE_80	989	989	0	0	0
CRE_81	1811	1811	0	0	0
CRE_82	1152	1152	0	0	0
CRE_83	319	319	0	0	0
CRE_84	1627	1627	73417.3	45.1244	45.1244
CRE_85	1155	1155	14904.3	12.9041	12.9041
CRE_86	714	714	0	0	0
CRE_87	954	954	24288.4	25.4596	25.4596
CRE_88	1341	1341	0	0	0
CRE_89	667	667	0	0	0
CRE_90	1028	1028	15180.3	14.7668	14.7668
CRE_91	1007	1007	21252.4	21.1047	21.1047
CRE_92	201	201	0	0	0
CRE_93	1552	1552	39192.7	25.253	25.253
CRE_94	1166	1166	0	0	0
CRE_95	540	540	10212.2	18.9115	18.9115
CRE_96	736	736	68725.2	93.3767	93.3767
CRE_97	1445	1445	45264.8	31.3251	31.3251
CRE_98	961	961	0	0	0
CRE_99	1844	1844	48300.9	26.1935	26.1935
CRE_100	946	946	0	0	0
CRE_101	224	224	0	0	0
CRE_102	300	300	21528.4	71.7613	71.7613
CRE_103	1934	1934	22632.4	11.7024	11.7024
CRE_104	368	368	63757.2	173.253	173.253
CRE_105	1519	1519	93565.7	61.5969	61.5969
CRE_106	932	932	0	0	0
CRE_107	856	856	38364.7	44.8186	44.8186
CRE_108	1299	1299	42504.8	32.7211	32.7211
CRE_109	715	715	0	0	0
CRE_110	763	763	150699	197.508	197.508
CRE_111	1287	1287	40572.7	31.525	31.525
CRE_112	1291	1291	41952.8	32.4963	32.4963
CRE_113	713	713	143799	201.681	201.681
CRE_114	827	827	37536.7	45.389	45.389
CRE_115	217	217	0	0	0
CRE_116	918	918	30636.6	33.3732	33.3732
CRE_117	1024	1024	0	0	0
CRE_118	728	728	23736.4	32.605	32.605
CRE_119	1489	1489	158427	106.398	106.398
CRE_120	1613	1613	119786	74.263	74.263
CRE_121	1421	1421	0	0	0
CRE_122	1080	1080	0	0	0
CRE_123	1496	1496	197344	131.914	131.914
CRE_124	225	225	0	0	0
CRE_125	1027	1027	0	0	0
CRE_126	1783	1783	46092.8	25.8513	25.8513
CRE_127	1823	1823	203968	111.886	111.886
CRE_128	1366	1366	73969.3	54.1503	54.1503
CRE_129	1394	1394	128066	91.8697	91.8697
CRE_130	1873	1873	37260.7	19.8936	19.8936
CRE_131	290	290	0	0	0
CRE_132	232	232	0	0	0
CRE_133	458	458	0	0	0
CRE_134	1023	1023	68449.2	66.9103	66.9103
CRE_135	1275	1275	15180.3	11.9061	11.9061
CRE_136	1309	1309	61549.1	47.02	47.02
CRE_137	1661	1661	96325.7	57.9926	57.9926
CRE_138	734	734	35052.6	47.7556	47.7556
Mb21d2_control	1000	1000	1.33476e+06	1334.76	1334.76
Fgf12_control	1000	1000	657169	657.169	657.169
Wnt3_control	1000	1000	1.26659e+06	1266.59	1266.59
Zic3_promoter	1000	1000	193204	193.204	193.204
Rnf12_promoter	1000	1000	29532.5	29.5325	29.5325
