name	size	covered	sum	mean0	mean 
CRE_1	1023	1023	152652	149.219	149.219
CRE_2	966	966	472166	488.785	488.785
CRE_3	703	703	37373.3	53.1625	53.1625
CRE_4	1453	1453	0	0	0
CRE_5	928	928	97381	104.936	104.936
CRE_6	769	769	0	0	0
CRE_7	1212	1212	0	0	0
CRE_8	979	979	116331	118.826	118.826
CRE_9	806	806	0	0	0
CRE_10	1639	1639	43426.7	26.4958	26.4958
CRE_11	304	304	0	0	0
CRE_12	740	740	114752	155.07	155.07
CRE_13	1078	1078	0	0	0
CRE_14	231	231	0	0	0
CRE_15	1149	1149	2368.73	2.06156	2.06156
CRE_16	243	243	0	0	0
CRE_17	1025	1025	0	0	0
CRE_18	885	885	67903.5	76.7272	76.7272
CRE_19	59	59	0	0	0
CRE_20	1356	1356	251612	185.554	185.554
CRE_21	266	266	32109.4	120.712	120.712
CRE_22	1766	1766	147388	83.4584	83.4584
CRE_23	367	367	0	0	0
CRE_24	1349	1349	17897.1	13.2669	13.2669
CRE_25	1570	1570	57375.9	36.5451	36.5451
CRE_26	1137	1137	54217.5	47.6847	47.6847
CRE_27	1130	1130	0	0	0
CRE_28	681	681	63692.5	93.5278	93.5278
CRE_29	1054	1054	16581.1	15.7316	15.7316
CRE_30	1268	1268	107646	84.8939	84.8939
CRE_31	1838	1838	0	0	0
CRE_32	825	825	0	0	0
CRE_33	658	658	0	0	0
CRE_34	707	707	0	0	0
CRE_35	475	475	0	0	0
CRE_36	1607	1607	0	0	0
CRE_37	874	874	0	0	0
CRE_38	1250	1250	261613	209.29	209.29
CRE_39	1432	1432	0	0	0
CRE_40	368	368	45532.2	123.729	123.729
CRE_41	766	766	0	0	0
CRE_42	761	761	2368.73	3.11265	3.11265
CRE_43	1781	1781	0	0	0
CRE_44	107	107	0	0	0
CRE_45	1087	1087	49743.3	45.762	45.762
CRE_46	1107	1107	79220.8	71.5635	71.5635
CRE_47	514	514	27898.4	54.2769	54.2769
CRE_48	1430	1430	93433.2	65.3379	65.3379
CRE_49	782	782	35530.9	45.436	45.436
CRE_50	1162	1162	0	0	0
CRE_51	1364	1364	116068	85.0936	85.0936
CRE_52	1378	1378	97644.2	70.8594	70.8594
CRE_53	954	954	0	0	0
CRE_54	453	453	44479.4	98.1886	98.1886
CRE_55	1360	1360	390051	286.802	286.802
CRE_56	435	435	371364	853.711	853.711
CRE_57	1638	1638	3.5602e+06	2173.5	2173.5
CRE_58	673	673	74483.3	110.674	110.674
CRE_59	526	526	720358	1369.5	1369.5
CRE_60	1484	1484	962493	648.58	648.58
CRE_61	1209	1209	19739.4	16.327	16.327
CRE_62	693	693	0	0	0
CRE_63	555	555	125543	226.203	226.203
CRE_64	806	806	46848.2	58.1243	58.1243
CRE_65	1139	1139	148177	130.094	130.094
CRE_66	832	832	0	0	0
CRE_67	874	874	52901.6	60.5281	60.5281
CRE_68	928	928	128964	138.97	138.97
CRE_69	907	907	0	0	0
CRE_70	966	966	54743.9	56.6707	56.6707
CRE_71	1376	1376	253454	184.196	184.196
CRE_72	565	565	80273.6	142.077	142.077
CRE_73	357	357	0	0	0
CRE_74	1131	1131	100803	89.1269	89.1269
CRE_75	403	403	0	0	0
CRE_76	1532	1532	32372.6	21.1309	21.1309
CRE_77	1304	1304	177655	136.238	136.238
CRE_78	993	993	0	0	0
CRE_79	1214	1214	27898.4	22.9805	22.9805
CRE_80	989	989	0	0	0
CRE_81	1811	1811	0	0	0
CRE_82	1152	1152	0	0	0
CRE_83	319	319	0	0	0
CRE_84	1627	1627	17107.5	10.5147	10.5147
CRE_85	1155	1155	73167.4	63.3484	63.3484
CRE_86	714	714	0	0	0
CRE_87	954	954	0	0	0
CRE_88	1341	1341	23950.5	17.8602	17.8602
CRE_89	667	667	0	0	0
CRE_90	1028	1028	0	0	0
CRE_91	1007	1007	13686	13.5908	13.5908
CRE_92	201	201	0	0	0
CRE_93	1552	1552	0	0	0
CRE_94	1166	1166	0	0	0
CRE_95	540	540	30793.5	57.0249	57.0249
CRE_96	736	736	152388	207.049	207.049
CRE_97	1445	1445	0	0	0
CRE_98	961	961	95801.9	99.6898	99.6898
CRE_99	1844	1844	8948.53	4.85278	4.85278
CRE_100	946	946	0	0	0
CRE_101	224	224	38426	171.545	171.545
CRE_102	300	300	25003.2	83.3441	83.3441
CRE_103	1934	1934	27898.4	14.4252	14.4252
CRE_104	368	368	41584.3	113.001	113.001
CRE_105	1519	1519	149756	98.5887	98.5887
CRE_106	932	932	0	0	0
CRE_107	856	856	0	0	0
CRE_108	1299	1299	0	0	0
CRE_109	715	715	0	0	0
CRE_110	763	763	14475.6	18.9719	18.9719
CRE_111	1287	1287	101855	79.1416	79.1416
CRE_112	1291	1291	65534.8	50.7628	50.7628
CRE_113	713	713	0	0	0
CRE_114	827	827	0	0	0
CRE_115	217	217	41321.1	190.42	190.42
CRE_116	918	918	58691.8	63.9344	63.9344
CRE_117	1024	1024	0	0	0
CRE_118	728	728	0	0	0
CRE_119	1489	1489	120805	81.1317	81.1317
CRE_120	1613	1613	285826	177.202	177.202
CRE_121	1421	1421	58165.4	40.9327	40.9327
CRE_122	1080	1080	0	0	0
CRE_123	1496	1496	16844.3	11.2596	11.2596
CRE_124	225	225	0	0	0
CRE_125	1027	1027	58165.4	56.6363	56.6363
CRE_126	1783	1783	52901.6	29.67	29.67
CRE_127	1823	1823	155020	85.0357	85.0357
CRE_128	1366	1366	72641	53.1779	53.1779
CRE_129	1394	1394	0	0	0
CRE_130	1873	1873	55796.7	29.79	29.79
CRE_131	290	290	62113.3	214.184	214.184
CRE_132	232	232	17107.5	73.7391	73.7391
CRE_133	458	458	0	0	0
CRE_134	1023	1023	116068	113.458	113.458
CRE_135	1275	1275	0	0	0
CRE_136	1309	1309	170812	130.49	130.49
CRE_137	1661	1661	32899	19.8067	19.8067
CRE_138	734	734	51059.2	69.563	69.563
Mb21d2_control	1000	1000	1.19147e+06	1191.47	1191.47
Fgf12_control	1000	1000	1.02724e+06	1027.24	1027.24
Wnt3_control	1000	1000	1.21595e+06	1215.95	1215.95
Zic3_promoter	1000	1000	195815	195.815	195.815
Rnf12_promoter	1000	1000	90801.2	90.8012	90.8012
