name	size	covered	sum	mean0	mean 
CRE_1	1023	1023	185803	181.625	181.625
CRE_2	966	966	410591	425.042	425.042
CRE_3	703	703	17419	24.7781	24.7781
CRE_4	1453	1453	0	0	0
CRE_5	928	928	0	0	0
CRE_6	769	769	0	0	0
CRE_7	1212	1212	0	0	0
CRE_8	979	979	71058.4	72.5827	72.5827
CRE_9	806	806	0	0	0
CRE_10	1639	1639	0	0	0
CRE_11	304	304	61104.7	201.002	201.002
CRE_12	740	740	17972	24.2865	24.2865
CRE_13	1078	1078	0	0	0
CRE_14	231	231	12442.1	53.8621	53.8621
CRE_15	1149	1149	48662.6	42.3521	42.3521
CRE_16	243	243	34561.5	142.228	142.228
CRE_17	1025	1025	0	0	0
CRE_18	885	885	17695.5	19.9949	19.9949
CRE_19	59	59	0	0	0
CRE_20	1356	1356	0	0	0
CRE_21	266	266	0	0	0
CRE_22	1766	1766	413632	234.22	234.22
CRE_23	367	367	48662.6	132.596	132.596
CRE_24	1349	1349	189950	140.808	140.808
CRE_25	1570	1570	15760	10.0382	10.0382
CRE_26	1137	1137	61104.7	53.7421	53.7421
CRE_27	1130	1130	0	0	0
CRE_28	681	681	0	0	0
CRE_29	1054	1054	0	0	0
CRE_30	1268	1268	0	0	0
CRE_31	1838	1838	0	0	0
CRE_32	825	825	0	0	0
CRE_33	658	658	254372	386.584	386.584
CRE_34	707	707	0	0	0
CRE_35	475	475	0	0	0
CRE_36	1607	1607	0	0	0
CRE_37	874	874	0	0	0
CRE_38	1250	1250	82118.1	65.6945	65.6945
CRE_39	1432	1432	88753.9	61.979	61.979
CRE_40	368	368	102579	278.746	278.746
CRE_41	766	766	78247.2	102.15	102.15
CRE_42	761	761	0	0	0
CRE_43	1781	1781	0	0	0
CRE_44	107	107	0	0	0
CRE_45	1087	1087	0	0	0
CRE_46	1107	1107	0	0	0
CRE_47	514	514	29861.1	58.0956	58.0956
CRE_48	1430	1430	0	0	0
CRE_49	782	782	202116	258.46	258.46
CRE_50	1162	1162	66081.6	56.8688	56.8688
CRE_51	1364	1364	146817	107.637	107.637
CRE_52	1378	1378	90412.9	65.6117	65.6117
CRE_53	954	954	0	0	0
CRE_54	453	453	94560.3	208.742	208.742
CRE_55	1360	1360	270962	199.237	199.237
CRE_56	435	435	337873	776.72	776.72
CRE_57	1638	1638	4.65114e+06	2839.53	2839.53
CRE_58	673	673	0	0	0
CRE_59	526	526	453723	862.592	862.592
CRE_60	1484	1484	2.20945e+06	1488.84	1488.84
CRE_61	1209	1209	0	0	0
CRE_62	693	693	0	0	0
CRE_63	555	555	0	0	0
CRE_64	806	806	14654.1	18.1812	18.1812
CRE_65	1139	1139	0	0	0
CRE_66	832	832	0	0	0
CRE_67	874	874	0	0	0
CRE_68	928	928	493261	531.531	531.531
CRE_69	907	907	90136.4	99.3786	99.3786
CRE_70	966	966	0	0	0
CRE_71	1376	1376	147923	107.502	107.502
CRE_72	565	565	1935.44	3.42556	3.42556
CRE_73	357	357	0	0	0
CRE_74	1131	1131	39538.4	34.9588	34.9588
CRE_75	403	403	0	0	0
CRE_76	1532	1532	234741	153.226	153.226
CRE_77	1304	1304	0	0	0
CRE_78	993	993	0	0	0
CRE_79	1214	1214	11336.2	9.33787	9.33787
CRE_80	989	989	0	0	0
CRE_81	1811	1811	0	0	0
CRE_82	1152	1152	0	0	0
CRE_83	319	319	21842.9	68.4729	68.4729
CRE_84	1627	1627	0	0	0
CRE_85	1155	1155	84883	73.4918	73.4918
CRE_86	714	714	0	0	0
CRE_87	954	954	0	0	0
CRE_88	1341	1341	0	0	0
CRE_89	667	667	0	0	0
CRE_90	1028	1028	85436	83.109	83.109
CRE_91	1007	1007	0	0	0
CRE_92	201	201	0	0	0
CRE_93	1552	1552	95389.7	61.4625	61.4625
CRE_94	1166	1166	0	0	0
CRE_95	540	540	0	0	0
CRE_96	736	736	0	0	0
CRE_97	1445	1445	14654.1	10.1412	10.1412
CRE_98	961	961	0	0	0
CRE_99	1844	1844	18801.5	10.196	10.196
CRE_100	946	946	23225.3	24.5511	24.5511
CRE_101	224	224	0	0	0
CRE_102	300	300	0	0	0
CRE_103	1934	1934	0	0	0
CRE_104	368	368	0	0	0
CRE_105	1519	1519	225341	148.348	148.348
CRE_106	932	932	29031.7	31.1499	31.1499
CRE_107	856	856	0	0	0
CRE_108	1299	1299	0	0	0
CRE_109	715	715	0	0	0
CRE_110	763	763	394831	517.471	517.471
CRE_111	1287	1287	118062	91.7343	91.7343
CRE_112	1291	1291	124421	96.3759	96.3759
CRE_113	713	713	0	0	0
CRE_114	827	827	27649.2	33.4331	33.4331
CRE_115	217	217	57233.8	263.75	263.75
CRE_116	918	918	0	0	0
CRE_117	1024	1024	19907.4	19.4408	19.4408
CRE_118	728	728	25990.2	35.7009	35.7009
CRE_119	1489	1489	206539	138.71	138.71
CRE_120	1613	1613	0	0	0
CRE_121	1421	1421	153729	108.184	108.184
CRE_122	1080	1080	0	0	0
CRE_123	1496	1496	0	0	0
CRE_124	225	225	0	0	0
CRE_125	1027	1027	53086.5	51.6908	51.6908
CRE_126	1783	1783	0	0	0
CRE_127	1823	1823	249119	136.653	136.653
CRE_128	1366	1366	48939.1	35.8266	35.8266
CRE_129	1394	1394	92071.8	66.0487	66.0487
CRE_130	1873	1873	107832	57.5717	57.5717
CRE_131	290	290	0	0	0
CRE_132	232	232	0	0	0
CRE_133	458	458	0	0	0
CRE_134	1023	1023	134928	131.895	131.895
CRE_135	1275	1275	114468	89.7784	89.7784
CRE_136	1309	1309	66911.1	51.1162	51.1162
CRE_137	1661	1661	0	0	0
CRE_138	734	734	0	0	0
Mb21d2_control	1000	1000	1.0103e+06	1010.3	1010.3
Fgf12_control	1000	1000	1.31914e+06	1319.14	1319.14
Wnt3_control	1000	1000	1.05178e+06	1051.78	1051.78
Zic3_promoter	1000	1000	60551.7	60.5517	60.5517
Rnf12_promoter	1000	1000	153729	153.729	153.729
