name	size	covered	sum	mean0	mean 
CRE_1	1023	1023	222748	217.74	217.74
CRE_2	966	966	414923	429.527	429.527
CRE_3	703	703	7487.33	10.6505	10.6505
CRE_4	1453	1453	0	0	0
CRE_5	928	928	0	0	0
CRE_6	769	769	66450	86.411	86.411
CRE_7	1212	1212	0	0	0
CRE_8	979	979	128532	131.29	131.29
CRE_9	806	806	0	0	0
CRE_10	1639	1639	0	0	0
CRE_11	304	304	0	0	0
CRE_12	740	740	0	0	0
CRE_13	1078	1078	0	0	0
CRE_14	231	231	15598.6	67.5264	67.5264
CRE_15	1149	1149	112934	98.2888	98.2888
CRE_16	243	243	0	0	0
CRE_17	1025	1025	26205.6	25.5665	25.5665
CRE_18	885	885	61770.5	69.7971	69.7971
CRE_19	59	59	0	0	0
CRE_20	1356	1356	0	0	0
CRE_21	266	266	0	0	0
CRE_22	1766	1766	102327	57.9427	57.9427
CRE_23	367	367	0	0	0
CRE_24	1349	1349	0	0	0
CRE_25	1570	1570	0	0	0
CRE_26	1137	1137	0	0	0
CRE_27	1130	1130	0	0	0
CRE_28	681	681	48043.7	70.5487	70.5487
CRE_29	1054	1054	0	0	0
CRE_30	1268	1268	217133	171.24	171.24
CRE_31	1838	1838	0	0	0
CRE_32	825	825	0	0	0
CRE_33	658	658	16534.5	25.1284	25.1284
CRE_34	707	707	0	0	0
CRE_35	475	475	0	0	0
CRE_36	1607	1607	0	0	0
CRE_37	874	874	0	0	0
CRE_38	1250	1250	193111	154.489	154.489
CRE_39	1432	1432	102327	71.4573	71.4573
CRE_40	368	368	3743.66	10.173	10.173
CRE_41	766	766	0	0	0
CRE_42	761	761	62082.4	81.5801	81.5801
CRE_43	1781	1781	0	0	0
CRE_44	107	107	0	0	0
CRE_45	1087	1087	32757.1	30.1353	30.1353
CRE_46	1107	1107	47731.7	43.1181	43.1181
CRE_47	514	514	0	0	0
CRE_48	1430	1430	0	0	0
CRE_49	782	782	75497.2	96.5438	96.5438
CRE_50	1162	1162	0	0	0
CRE_51	1364	1364	56778.9	41.6268	41.6268
CRE_52	1378	1378	0	0	0
CRE_53	954	954	164097	172.01	172.01
CRE_54	453	453	0	0	0
CRE_55	1360	1360	648902	477.134	477.134
CRE_56	435	435	335994	772.4	772.4
CRE_57	1638	1638	4.18604e+06	2555.58	2555.58
CRE_58	673	673	160666	238.73	238.73
CRE_59	526	526	418355	795.351	795.351
CRE_60	1484	1484	1.74704e+06	1177.25	1177.25
CRE_61	1209	1209	0	0	0
CRE_62	693	693	30573.3	44.1173	44.1173
CRE_63	555	555	71753.6	129.286	129.286
CRE_64	806	806	0	0	0
CRE_65	1139	1139	49603.5	43.5501	43.5501
CRE_66	832	832	0	0	0
CRE_67	874	874	0	0	0
CRE_68	928	928	338178	364.416	364.416
CRE_69	907	907	0	0	0
CRE_70	966	966	0	0	0
CRE_71	1376	1376	0	0	0
CRE_72	565	565	126973	224.73	224.73
CRE_73	357	357	0	0	0
CRE_74	1131	1131	0	0	0
CRE_75	403	403	59586.6	147.858	147.858
CRE_76	1532	1532	0	0	0
CRE_77	1304	1304	6239.44	4.78485	4.78485
CRE_78	993	993	0	0	0
CRE_79	1214	1214	0	0	0
CRE_80	989	989	0	0	0
CRE_81	1811	1811	0	0	0
CRE_82	1152	1152	0	0	0
CRE_83	319	319	0	0	0
CRE_84	1627	1627	0	0	0
CRE_85	1155	1155	0	0	0
CRE_86	714	714	16846.5	23.5945	23.5945
CRE_87	954	954	0	0	0
CRE_88	1341	1341	0	0	0
CRE_89	667	667	0	0	0
CRE_90	1028	1028	0	0	0
CRE_91	1007	1007	0	0	0
CRE_92	201	201	0	0	0
CRE_93	1552	1552	0	0	0
CRE_94	1166	1166	0	0	0
CRE_95	540	540	0	0	0
CRE_96	736	736	0	0	0
CRE_97	1445	1445	0	0	0
CRE_98	961	961	0	0	0
CRE_99	1844	1844	0	0	0
CRE_100	946	946	0	0	0
CRE_101	224	224	0	0	0
CRE_102	300	300	0	0	0
CRE_103	1934	1934	0	0	0
CRE_104	368	368	0	0	0
CRE_105	1519	1519	172832	113.78	113.78
CRE_106	932	932	0	0	0
CRE_107	856	856	0	0	0
CRE_108	1299	1299	0	0	0
CRE_109	715	715	0	0	0
CRE_110	763	763	58338.8	76.4597	76.4597
CRE_111	1287	1287	229923	178.651	178.651
CRE_112	1291	1291	59586.6	46.1554	46.1554
CRE_113	713	713	74249.3	104.137	104.137
CRE_114	827	827	93435.6	112.981	112.981
CRE_115	217	217	43364.1	199.835	199.835
CRE_116	918	918	0	0	0
CRE_117	1024	1024	0	0	0
CRE_118	728	728	128844	176.984	176.984
CRE_119	1489	1489	234603	157.557	157.557
CRE_120	1613	1613	26829.6	16.6333	16.6333
CRE_121	1421	1421	0	0	0
CRE_122	1080	1080	0	0	0
CRE_123	1496	1496	0	0	0
CRE_124	225	225	0	0	0
CRE_125	1027	1027	0	0	0
CRE_126	1783	1783	0	0	0
CRE_127	1823	1823	30885.2	16.942	16.942
CRE_128	1366	1366	0	0	0
CRE_129	1394	1394	137892	98.9179	98.9179
CRE_130	1873	1873	108254	57.7973	57.7973
CRE_131	290	290	137580	474.413	474.413
CRE_132	232	232	0	0	0
CRE_133	458	458	121981	266.334	266.334
CRE_134	1023	1023	65202.1	63.7362	63.7362
CRE_135	1275	1275	0	0	0
CRE_136	1309	1309	68633.8	52.4323	52.4323
CRE_137	1661	1661	0	0	0
CRE_138	734	734	0	0	0
Mb21d2_control	1000	1000	1.08067e+06	1080.67	1080.67
Fgf12_control	1000	1000	1.41354e+06	1413.54	1413.54
Wnt3_control	1000	1000	1.75266e+06	1752.66	1752.66
Zic3_promoter	1000	1000	343481	343.481	343.481
Rnf12_promoter	1000	1000	0	0	0
