name	size	covered	sum	mean0	mean 
CRE_1	1023	1023	294670	288.045	288.045
CRE_2	966	966	44457	46.0218	46.0218
CRE_3	703	703	0	0	0
CRE_4	1453	1453	45881.9	31.5774	31.5774
CRE_5	928	928	0	0	0
CRE_6	769	769	0	0	0
CRE_7	1212	1212	0	0	0
CRE_8	979	979	123682	126.335	126.335
CRE_9	806	806	0	0	0
CRE_10	1639	1639	0	0	0
CRE_11	304	304	70105.3	230.61	230.61
CRE_12	740	740	0	0	0
CRE_13	1078	1078	92618.8	85.9173	85.9173
CRE_14	231	231	36477.6	157.912	157.912
CRE_15	1149	1149	0	0	0
CRE_16	243	243	0	0	0
CRE_17	1025	1025	0	0	0
CRE_18	885	885	91478.9	103.366	103.366
CRE_19	59	59	0	0	0
CRE_20	1356	1356	46736.9	34.4667	34.4667
CRE_21	266	266	0	0	0
CRE_22	1766	1766	220005	124.578	124.578
CRE_23	367	367	0	0	0
CRE_24	1349	1349	0	0	0
CRE_25	1570	1570	0	0	0
CRE_26	1137	1137	0	0	0
CRE_27	1130	1130	0	0	0
CRE_28	681	681	212596	312.182	312.182
CRE_29	1054	1054	0	0	0
CRE_30	1268	1268	0	0	0
CRE_31	1838	1838	26218.3	14.2646	14.2646
CRE_32	825	825	0	0	0
CRE_33	658	658	0	0	0
CRE_34	707	707	0	0	0
CRE_35	475	475	0	0	0
CRE_36	1607	1607	26218.3	16.315	16.315
CRE_37	874	874	0	0	0
CRE_38	1250	1250	69535.4	55.6283	55.6283
CRE_39	1432	1432	161869	113.037	113.037
CRE_40	368	368	130236	353.903	353.903
CRE_41	766	766	0	0	0
CRE_42	761	761	0	0	0
CRE_43	1781	1781	0	0	0
CRE_44	107	107	0	0	0
CRE_45	1087	1087	0	0	0
CRE_46	1107	1107	0	0	0
CRE_47	514	514	0	0	0
CRE_48	1430	1430	58706.1	41.0532	41.0532
CRE_49	782	782	367340	469.745	469.745
CRE_50	1162	1162	37047.5	31.8826	31.8826
CRE_51	1364	1364	210886	154.608	154.608
CRE_52	1378	1378	146195	106.092	106.092
CRE_53	954	954	0	0	0
CRE_54	453	453	114847	253.526	253.526
CRE_55	1360	1360	405528	298.182	298.182
CRE_56	435	435	535195	1230.33	1230.33
CRE_57	1638	1638	3.97435e+06	2426.34	2426.34
CRE_58	673	673	60701	90.1946	90.1946
CRE_59	526	526	728698	1385.36	1385.36
CRE_60	1484	1484	1.77515e+06	1196.19	1196.19
CRE_61	1209	1209	43887.1	36.3003	36.3003
CRE_62	693	693	61270.9	88.414	88.414
CRE_63	555	555	104588	188.447	188.447
CRE_64	806	806	0	0	0
CRE_65	1139	1139	0	0	0
CRE_66	832	832	0	0	0
CRE_67	874	874	46451.9	53.1486	53.1486
CRE_68	928	928	101168	109.018	109.018
CRE_69	907	907	0	0	0
CRE_70	966	966	0	0	0
CRE_71	1376	1376	126817	92.1632	92.1632
CRE_72	565	565	0	0	0
CRE_73	357	357	30777.9	86.2127	86.2127
CRE_74	1131	1131	101738	89.9542	89.9542
CRE_75	403	403	0	0	0
CRE_76	1532	1532	0	0	0
CRE_77	1304	1304	0	0	0
CRE_78	993	993	0	0	0
CRE_79	1214	1214	0	0	0
CRE_80	989	989	0	0	0
CRE_81	1811	1811	0	0	0
CRE_82	1152	1152	0	0	0
CRE_83	319	319	0	0	0
CRE_84	1627	1627	0	0	0
CRE_85	1155	1155	140211	121.394	121.394
CRE_86	714	714	0	0	0
CRE_87	954	954	100883	105.748	105.748
CRE_88	1341	1341	0	0	0
CRE_89	667	667	57851.1	86.7333	86.7333
CRE_90	1028	1028	73240.1	71.2452	71.2452
CRE_91	1007	1007	0	0	0
CRE_92	201	201	0	0	0
CRE_93	1552	1552	0	0	0
CRE_94	1166	1166	0	0	0
CRE_95	540	540	0	0	0
CRE_96	736	736	0	0	0
CRE_97	1445	1445	0	0	0
CRE_98	961	961	0	0	0
CRE_99	1844	1844	0	0	0
CRE_100	946	946	22228.5	23.4974	23.4974
CRE_101	224	224	0	0	0
CRE_102	300	300	0	0	0
CRE_103	1934	1934	43887.1	22.6924	22.6924
CRE_104	368	368	0	0	0
CRE_105	1519	1519	0	0	0
CRE_106	932	932	0	0	0
CRE_107	856	856	59561	69.5806	69.5806
CRE_108	1299	1299	0	0	0
CRE_109	715	715	0	0	0
CRE_110	763	763	287831	377.236	377.236
CRE_111	1287	1287	244514	189.987	189.987
CRE_112	1291	1291	14819	11.4787	11.4787
CRE_113	713	713	123682	173.467	173.467
CRE_114	827	827	56141.3	67.8854	67.8854
CRE_115	217	217	9974.33	45.9647	45.9647
CRE_116	918	918	0	0	0
CRE_117	1024	1024	0	0	0
CRE_118	728	728	5129.66	7.04623	7.04623
CRE_119	1489	1489	165574	111.198	111.198
CRE_120	1613	1613	0	0	0
CRE_121	1421	1421	0	0	0
CRE_122	1080	1080	0	0	0
CRE_123	1496	1496	59846	40.004	40.004
CRE_124	225	225	0	0	0
CRE_125	1027	1027	24508.4	23.864	23.864
CRE_126	1783	1783	0	0	0
CRE_127	1823	1823	27928.1	15.3199	15.3199
CRE_128	1366	1366	66400.6	48.6095	48.6095
CRE_129	1394	1394	0	0	0
CRE_130	1873	1873	23653.4	12.6286	12.6286
CRE_131	290	290	21088.6	72.7193	72.7193
CRE_132	232	232	0	0	0
CRE_133	458	458	0	0	0
CRE_134	1023	1023	104588	102.237	102.237
CRE_135	1275	1275	0	0	0
CRE_136	1309	1309	18238.8	13.9334	13.9334
CRE_137	1661	1661	63835.7	38.4321	38.4321
CRE_138	734	734	0	0	0
Mb21d2_control	1000	1000	1.77486e+06	1774.86	1774.86
Fgf12_control	1000	1000	1.72214e+06	1722.14	1722.14
Wnt3_control	1000	1000	634367	634.367	634.367
Zic3_promoter	1000	1000	57281.2	57.2812	57.2812
Rnf12_promoter	1000	1000	0	0	0
