name	size	covered	sum	mean0	mean 
CRE_1	1023	1023	96753.9	94.5786	94.5786
CRE_2	966	966	175626	181.807	181.807
CRE_3	703	703	7663.68	10.9014	10.9014
CRE_4	1453	1453	16924	11.6476	11.6476
CRE_5	928	928	0	0	0
CRE_6	769	769	0	0	0
CRE_7	1212	1212	0	0	0
CRE_8	979	979	193827	197.985	197.985
CRE_9	806	806	0	0	0
CRE_10	1639	1639	0	0	0
CRE_11	304	304	41511.6	136.551	136.551
CRE_12	740	740	160937	217.483	217.483
CRE_13	1078	1078	20117.2	18.6616	18.6616
CRE_14	231	231	51729.8	223.938	223.938
CRE_15	1149	1149	25864.9	22.5108	22.5108
CRE_16	243	243	0	0	0
CRE_17	1025	1025	0	0	0
CRE_18	885	885	0	0	0
CRE_19	59	59	0	0	0
CRE_20	1356	1356	92922.1	68.5266	68.5266
CRE_21	266	266	0	0	0
CRE_22	1766	1766	127089	71.9645	71.9645
CRE_23	367	367	24907	67.8664	67.8664
CRE_24	1349	1349	142736	105.809	105.809
CRE_25	1570	1570	0	0	0
CRE_26	1137	1137	0	0	0
CRE_27	1130	1130	58435.6	51.7129	51.7129
CRE_28	681	681	0	0	0
CRE_29	1054	1054	0	0	0
CRE_30	1268	1268	77914.1	61.4464	61.4464
CRE_31	1838	1838	0	0	0
CRE_32	825	825	0	0	0
CRE_33	658	658	0	0	0
CRE_34	707	707	0	0	0
CRE_35	475	475	0	0	0
CRE_36	1607	1607	0	0	0
CRE_37	874	874	0	0	0
CRE_38	1250	1250	107611	86.0886	86.0886
CRE_39	1432	1432	0	0	0
CRE_40	368	368	12134.2	32.9733	32.9733
CRE_41	766	766	0	0	0
CRE_42	761	761	100905	132.595	132.595
CRE_43	1781	1781	107292	60.2423	60.2423
CRE_44	107	107	0	0	0
CRE_45	1087	1087	0	0	0
CRE_46	1107	1107	0	0	0
CRE_47	514	514	0	0	0
CRE_48	1430	1430	0	0	0
CRE_49	782	782	658757	842.4	842.4
CRE_50	1162	1162	61948.1	53.3116	53.3116
CRE_51	1364	1364	171156	125.481	125.481
CRE_52	1378	1378	0	0	0
CRE_53	954	954	76317.5	79.9974	79.9974
CRE_54	453	453	41830.9	92.342	92.342
CRE_55	1360	1360	522407	384.123	384.123
CRE_56	435	435	337202	775.176	775.176
CRE_57	1638	1638	3.91805e+06	2391.97	2391.97
CRE_58	673	673	0	0	0
CRE_59	526	526	573179	1089.69	1089.69
CRE_60	1484	1484	2.02098e+06	1361.84	1361.84
CRE_61	1209	1209	171155	141.568	141.568
CRE_62	693	693	56839	82.0187	82.0187
CRE_63	555	555	113997	205.4	205.4
CRE_64	806	806	0	0	0
CRE_65	1139	1139	72485.6	63.6397	63.6397
CRE_66	832	832	0	0	0
CRE_67	874	874	0	0	0
CRE_68	928	928	156467	168.606	168.606
CRE_69	907	907	0	0	0
CRE_70	966	966	92283.5	95.5316	95.5316
CRE_71	1376	1376	233103	169.407	169.407
CRE_72	565	565	90686.9	160.508	160.508
CRE_73	357	357	31293.4	87.6565	87.6565
CRE_74	1131	1131	237255	209.774	209.774
CRE_75	403	403	0	0	0
CRE_76	1532	1532	79830	52.1084	52.1084
CRE_77	1304	1304	17243.3	13.2234	13.2234
CRE_78	993	993	0	0	0
CRE_79	1214	1214	0	0	0
CRE_80	989	989	0	0	0
CRE_81	1811	1811	0	0	0
CRE_82	1152	1152	0	0	0
CRE_83	319	319	19797.8	62.0622	62.0622
CRE_84	1627	1627	0	0	0
CRE_85	1155	1155	0	0	0
CRE_86	714	714	0	0	0
CRE_87	954	954	0	0	0
CRE_88	1341	1341	25864.9	19.2878	19.2878
CRE_89	667	667	0	0	0
CRE_90	1028	1028	0	0	0
CRE_91	1007	1007	0	0	0
CRE_92	201	201	0	0	0
CRE_93	1552	1552	0	0	0
CRE_94	1166	1166	0	0	0
CRE_95	540	540	0	0	0
CRE_96	736	736	0	0	0
CRE_97	1445	1445	0	0	0
CRE_98	961	961	0	0	0
CRE_99	1844	1844	0	0	0
CRE_100	946	946	0	0	0
CRE_101	224	224	0	0	0
CRE_102	300	300	0	0	0
CRE_103	1934	1934	0	0	0
CRE_104	368	368	65779.9	178.75	178.75
CRE_105	1519	1519	83023.1	54.6564	54.6564
CRE_106	932	932	73443.6	78.8021	78.8021
CRE_107	856	856	0	0	0
CRE_108	1299	1299	0	0	0
CRE_109	715	715	0	0	0
CRE_110	763	763	60990.1	79.9346	79.9346
CRE_111	1287	1287	0	0	0
CRE_112	1291	1291	41511.6	32.1546	32.1546
CRE_113	713	713	80149.3	112.411	112.411
CRE_114	827	827	261204	315.845	315.845
CRE_115	217	217	34167.2	157.453	157.453
CRE_116	918	918	34486.5	37.567	37.567
CRE_117	1024	1024	57796.9	56.4423	56.4423
CRE_118	728	728	117829	161.853	161.853
CRE_119	1489	1489	99627.8	66.9092	66.9092
CRE_120	1613	1613	119106	73.8415	73.8415
CRE_121	1421	1421	0	0	0
CRE_122	1080	1080	0	0	0
CRE_123	1496	1496	0	0	0
CRE_124	225	225	0	0	0
CRE_125	1027	1027	0	0	0
CRE_126	1783	1783	0	0	0
CRE_127	1823	1823	163811	89.858	89.858
CRE_128	1366	1366	16924	12.3894	12.3894
CRE_129	1394	1394	20436.5	14.6603	14.6603
CRE_130	1873	1873	87493.7	46.7131	46.7131
CRE_131	290	290	0	0	0
CRE_132	232	232	0	0	0
CRE_133	458	458	0	0	0
CRE_134	1023	1023	126451	123.608	123.608
CRE_135	1275	1275	0	0	0
CRE_136	1309	1309	189037	144.414	144.414
CRE_137	1661	1661	0	0	0
CRE_138	734	734	0	0	0
Mb21d2_control	1000	1000	1.33444e+06	1334.44	1334.44
Fgf12_control	1000	1000	1.67643e+06	1676.43	1676.43
Wnt3_control	1000	1000	1.3785e+06	1378.5	1378.5
Zic3_promoter	1000	1000	0	0	0
Rnf12_promoter	1000	1000	0	0	0
