name	size	covered	sum	mean0	mean 
CRE_1	1023	1023	261295	255.42	255.42
CRE_2	966	966	172956	179.043	179.043
CRE_3	703	703	14640.4	20.8257	20.8257
CRE_4	1453	1453	0	0	0
CRE_5	928	928	0	0	0
CRE_6	769	769	0	0	0
CRE_7	1212	1212	46402.7	38.2861	38.2861
CRE_8	979	979	1985.14	2.02773	2.02773
CRE_9	806	806	0	0	0
CRE_10	1639	1639	0	0	0
CRE_11	304	304	0	0	0
CRE_12	740	740	29032.7	39.2334	39.2334
CRE_13	1078	1078	21092.2	19.566	19.566
CRE_14	231	231	5707.29	24.7069	24.7069
CRE_15	1149	1149	0	0	0
CRE_16	243	243	0	0	0
CRE_17	1025	1025	0	0	0
CRE_18	885	885	165511	187.019	187.019
CRE_19	59	59	0	0	0
CRE_20	1356	1356	153601	113.275	113.275
CRE_21	266	266	10173.9	38.2476	38.2476
CRE_22	1766	1766	166752	94.4236	94.4236
CRE_23	367	367	0	0	0
CRE_24	1349	1349	0	0	0
CRE_25	1570	1570	49380.5	31.4525	31.4525
CRE_26	1137	1137	56824.7	49.9778	49.9778
CRE_27	1130	1130	94046.2	83.2267	83.2267
CRE_28	681	681	144419	212.069	212.069
CRE_29	1054	1054	67246.8	63.8015	63.8015
CRE_30	1268	1268	63028.4	49.7069	49.7069
CRE_31	1838	1838	61787.6	33.6168	33.6168
CRE_32	825	825	0	0	0
CRE_33	658	658	0	0	0
CRE_34	707	707	0	0	0
CRE_35	475	475	108438	228.292	228.292
CRE_36	1607	1607	0	0	0
CRE_37	874	874	0	0	0
CRE_38	1250	1250	302238	241.791	241.791
CRE_39	1432	1432	0	0	0
CRE_40	368	368	66502.4	180.713	180.713
CRE_41	766	766	142682	186.269	186.269
CRE_42	761	761	61291.3	80.5405	80.5405
CRE_43	1781	1781	104468	58.657	58.657
CRE_44	107	107	0	0	0
CRE_45	1087	1087	44417.6	40.8626	40.8626
CRE_46	1107	1107	52854.5	47.7457	47.7457
CRE_47	514	514	58809.9	114.416	114.416
CRE_48	1430	1430	165511	115.742	115.742
CRE_49	782	782	468991	599.733	599.733
CRE_50	1162	1162	31514.2	27.1206	27.1206
CRE_51	1364	1364	290575	213.032	213.032
CRE_52	1378	1378	90572.2	65.7273	65.7273
CRE_53	954	954	55832.2	58.5243	58.5243
CRE_54	453	453	87098.2	192.27	192.27
CRE_55	1360	1360	661550	486.434	486.434
CRE_56	435	435	401248	922.409	922.409
CRE_57	1638	1638	3.21594e+06	1963.33	1963.33
CRE_58	673	673	150375	223.439	223.439
CRE_59	526	526	384871	731.693	731.693
CRE_60	1484	1484	1.87547e+06	1263.79	1263.79
CRE_61	1209	1209	79902	66.0894	66.0894
CRE_62	693	693	46402.7	66.9592	66.9592
CRE_63	555	555	69728.2	125.636	125.636
CRE_64	806	806	0	0	0
CRE_65	1139	1139	115386	101.305	101.305
CRE_66	832	832	0	0	0
CRE_67	874	874	0	0	0
CRE_68	928	928	172459	185.84	185.84
CRE_69	907	907	50621.2	55.8117	55.8117
CRE_70	966	966	0	0	0
CRE_71	1376	1376	135734	98.6441	98.6441
CRE_72	565	565	53350.7	94.4261	94.4261
CRE_73	357	357	11910.9	33.3638	33.3638
CRE_74	1131	1131	53350.7	47.1713	47.1713
CRE_75	403	403	38958.5	96.6711	96.6711
CRE_76	1532	1532	192063	125.367	125.367
CRE_77	1304	1304	35484.4	27.212	27.212
CRE_78	993	993	0	0	0
CRE_79	1214	1214	21588.4	17.7829	17.7829
CRE_80	989	989	0	0	0
CRE_81	1811	1811	0	0	0
CRE_82	1152	1152	0	0	0
CRE_83	319	319	56576.6	177.356	177.356
CRE_84	1627	1627	44169.5	27.1478	27.1478
CRE_85	1155	1155	7692.43	6.66012	6.66012
CRE_86	714	714	0	0	0
CRE_87	954	954	0	0	0
CRE_88	1341	1341	95535.1	71.2417	71.2417
CRE_89	667	667	36477	54.6882	54.6882
CRE_90	1028	1028	109183	106.209	106.209
CRE_91	1007	1007	51365.6	51.0085	51.0085
CRE_92	201	201	0	0	0
CRE_93	1552	1552	16377.4	10.5525	10.5525
CRE_94	1166	1166	0	0	0
CRE_95	540	540	0	0	0
CRE_96	736	736	40199.2	54.6184	54.6184
CRE_97	1445	1445	21340.3	14.7684	14.7684
CRE_98	961	961	49876.7	51.9009	51.9009
CRE_99	1844	1844	0	0	0
CRE_100	946	946	95286.9	100.726	100.726
CRE_101	224	224	0	0	0
CRE_102	300	300	0	0	0
CRE_103	1934	1934	0	0	0
CRE_104	368	368	0	0	0
CRE_105	1519	1519	303231	199.625	199.625
CRE_106	932	932	8685.01	9.31868	9.31868
CRE_107	856	856	0	0	0
CRE_108	1299	1299	0	0	0
CRE_109	715	715	0	0	0
CRE_110	763	763	98760.9	129.438	129.438
CRE_111	1287	1287	457824	355.73	355.73
CRE_112	1291	1291	298517	231.229	231.229
CRE_113	713	713	13151.6	18.4454	18.4454
CRE_114	827	827	113649	137.424	137.424
CRE_115	217	217	32258.6	148.657	148.657
CRE_116	918	918	0	0	0
CRE_117	1024	1024	0	0	0
CRE_118	728	728	8436.86	11.5891	11.5891
CRE_119	1489	1489	178663	119.989	119.989
CRE_120	1613	1613	35484.4	21.999	21.999
CRE_121	1421	1421	0	0	0
CRE_122	1080	1080	70472.6	65.2524	65.2524
CRE_123	1496	1496	53598.9	35.8281	35.8281
CRE_124	225	225	0	0	0
CRE_125	1027	1027	0	0	0
CRE_126	1783	1783	0	0	0
CRE_127	1823	1823	56576.6	31.0349	31.0349
CRE_128	1366	1366	112409	82.2905	82.2905
CRE_129	1394	1394	78413.2	56.2505	56.2505
CRE_130	1873	1873	123575	65.9772	65.9772
CRE_131	290	290	16873.7	58.1853	58.1853
CRE_132	232	232	63276.5	272.743	272.743
CRE_133	458	458	13647.9	29.7988	29.7988
CRE_134	1023	1023	135238	132.197	132.197
CRE_135	1275	1275	0	0	0
CRE_136	1309	1309	125312	95.7313	95.7313
CRE_137	1661	1661	0	0	0
CRE_138	734	734	0	0	0
Mb21d2_control	1000	1000	1.49953e+06	1499.53	1499.53
Fgf12_control	1000	1000	883638	883.638	883.638
Wnt3_control	1000	1000	854358	854.358	854.358
Zic3_promoter	1000	1000	118860	118.86	118.86
Rnf12_promoter	1000	1000	0	0	0
