name	size	covered	sum	mean0	mean 
CRE_1	1023	1023	485193	474.284	474.284
CRE_2	966	966	274832	284.505	284.505
CRE_3	703	703	53574	76.2077	76.2077
CRE_4	1453	1453	117742	81.0334	81.0334
CRE_5	928	928	0	0	0
CRE_6	769	769	58416.9	75.9647	75.9647
CRE_7	1212	1212	0	0	0
CRE_8	979	979	171013	174.681	174.681
CRE_9	806	806	0	0	0
CRE_10	1639	1639	0	0	0
CRE_11	304	304	0	0	0
CRE_12	740	740	256671	346.852	346.852
CRE_13	1078	1078	0	0	0
CRE_14	231	231	7566.95	32.7574	32.7574
CRE_15	1149	1149	76880.2	66.9105	66.9105
CRE_16	243	243	0	0	0
CRE_17	1025	1025	0	0	0
CRE_18	885	885	0	0	0
CRE_19	59	59	0	0	0
CRE_20	1356	1356	59930.2	44.1963	44.1963
CRE_21	266	266	0	0	0
CRE_22	1766	1766	141351	80.04	80.04
CRE_23	367	367	0	0	0
CRE_24	1349	1349	62654.3	46.445	46.445
CRE_25	1570	1570	0	0	0
CRE_26	1137	1137	76274.9	67.0843	67.0843
CRE_27	1130	1130	0	0	0
CRE_28	681	681	287846	422.682	422.682
CRE_29	1054	1054	0	0	0
CRE_30	1268	1268	28149.1	22.1996	22.1996
CRE_31	1838	1838	148312	80.6922	80.6922
CRE_32	825	825	0	0	0
CRE_33	658	658	0	0	0
CRE_34	707	707	0	0	0
CRE_35	475	475	0	0	0
CRE_36	1607	1607	0	0	0
CRE_37	874	874	16344.6	18.7009	18.7009
CRE_38	1250	1250	134086	107.269	107.269
CRE_39	1432	1432	0	0	0
CRE_40	368	368	0	0	0
CRE_41	766	766	0	0	0
CRE_42	761	761	157090	206.426	206.426
CRE_43	1781	1781	0	0	0
CRE_44	107	107	0	0	0
CRE_45	1087	1087	0	0	0
CRE_46	1107	1107	121374	109.642	109.642
CRE_47	514	514	0	0	0
CRE_48	1430	1430	0	0	0
CRE_49	782	782	107148	137.018	137.018
CRE_50	1162	1162	59627.5	51.3145	51.3145
CRE_51	1364	1364	382585	280.487	280.487
CRE_52	1378	1378	168894	122.565	122.565
CRE_53	954	954	0	0	0
CRE_54	453	453	50244.5	110.915	110.915
CRE_55	1360	1360	503958	370.558	370.558
CRE_56	435	435	417393	959.523	959.523
CRE_57	1638	1638	3.68147e+06	2247.54	2247.54
CRE_58	673	673	227311	337.758	337.758
CRE_59	526	526	595670	1132.45	1132.45
CRE_60	1484	1484	1.73253e+06	1167.47	1167.47
CRE_61	1209	1209	208545	172.494	172.494
CRE_62	693	693	0	0	0
CRE_63	555	555	67799.9	122.162	122.162
CRE_64	806	806	0	0	0
CRE_65	1139	1139	0	0	0
CRE_66	832	832	0	0	0
CRE_67	874	874	62351.7	71.3406	71.3406
CRE_68	928	928	280885	302.678	302.678
CRE_69	907	907	215809	237.937	237.937
CRE_70	966	966	0	0	0
CRE_71	1376	1376	56600.8	41.1343	41.1343
CRE_72	565	565	0	0	0
CRE_73	357	357	0	0	0
CRE_74	1131	1131	116228	102.766	102.766
CRE_75	403	403	0	0	0
CRE_76	1532	1532	42374.9	27.6599	27.6599
CRE_77	1304	1304	212782	163.177	163.177
CRE_78	993	993	0	0	0
CRE_79	1214	1214	0	0	0
CRE_80	989	989	0	0	0
CRE_81	1811	1811	64470.4	35.5993	35.5993
CRE_82	1152	1152	0	0	0
CRE_83	319	319	0	0	0
CRE_84	1627	1627	0	0	0
CRE_85	1155	1155	2118.75	1.83441	1.83441
CRE_86	714	714	0	0	0
CRE_87	954	954	0	0	0
CRE_88	1341	1341	0	0	0
CRE_89	667	667	62351.7	93.4808	93.4808
CRE_90	1028	1028	0	0	0
CRE_91	1007	1007	18766	18.6356	18.6356
CRE_92	201	201	49033.8	243.949	243.949
CRE_93	1552	1552	0	0	0
CRE_94	1166	1166	0	0	0
CRE_95	540	540	0	0	0
CRE_96	736	736	0	0	0
CRE_97	1445	1445	62049	42.9405	42.9405
CRE_98	961	961	0	0	0
CRE_99	1844	1844	63865.1	34.634	34.634
CRE_100	946	946	52968.7	55.9922	55.9922
CRE_101	224	224	0	0	0
CRE_102	300	300	0	0	0
CRE_103	1934	1934	0	0	0
CRE_104	368	368	0	0	0
CRE_105	1519	1519	16344.6	10.7601	10.7601
CRE_106	932	932	0	0	0
CRE_107	856	856	65378.3	76.3766	76.3766
CRE_108	1299	1299	0	0	0
CRE_109	715	715	0	0	0
CRE_110	763	763	138021	180.893	180.893
CRE_111	1287	1287	189476	147.223	147.223
CRE_112	1291	1291	116834	90.4986	90.4986
CRE_113	713	713	161025	225.841	225.841
CRE_114	827	827	175251	211.911	211.911
CRE_115	217	217	0	0	0
CRE_116	918	918	0	0	0
CRE_117	1024	1024	0	0	0
CRE_118	728	728	0	0	0
CRE_119	1489	1489	76274.9	51.2256	51.2256
CRE_120	1613	1613	0	0	0
CRE_121	1421	1421	0	0	0
CRE_122	1080	1080	0	0	0
CRE_123	1496	1496	71432	47.7487	47.7487
CRE_124	225	225	0	0	0
CRE_125	1027	1027	0	0	0
CRE_126	1783	1783	0	0	0
CRE_127	1823	1823	181909	99.7858	99.7858
CRE_128	1366	1366	78999	57.8323	57.8323
CRE_129	1394	1394	0	0	0
CRE_130	1873	1873	0	0	0
CRE_131	290	290	82328.3	283.891	283.891
CRE_132	232	232	0	0	0
CRE_133	458	458	70826.7	154.643	154.643
CRE_134	1023	1023	42980.3	42.014	42.014
CRE_135	1275	1275	0	0	0
CRE_136	1309	1309	49639.2	37.9215	37.9215
CRE_137	1661	1661	0	0	0
CRE_138	734	734	0	0	0
Mb21d2_control	1000	1000	2.90207e+06	2902.07	2902.07
Fgf12_control	1000	1000	1.13746e+06	1137.46	1137.46
Wnt3_control	1000	1000	1.59905e+06	1599.05	1599.05
Zic3_promoter	1000	1000	292084	292.084	292.084
Rnf12_promoter	1000	1000	0	0	0
