name	size	covered	sum	mean0	mean 
CRE_1	1023	1023	392645	383.817	383.817
CRE_2	966	966	404485	418.721	418.721
CRE_3	703	703	177282	252.179	252.179
CRE_4	1453	1453	0	0	0
CRE_5	928	928	0	0	0
CRE_6	769	769	0	0	0
CRE_7	1212	1212	0	0	0
CRE_8	979	979	11200.1	11.4404	11.4404
CRE_9	806	806	0	0	0
CRE_10	1639	1639	0	0	0
CRE_11	304	304	93121.2	306.32	306.32
CRE_12	740	740	136962	185.083	185.083
CRE_13	1078	1078	103681	96.1792	96.1792
CRE_14	231	231	0	0	0
CRE_15	1149	1149	0	0	0
CRE_16	243	243	0	0	0
CRE_17	1025	1025	0	0	0
CRE_18	885	885	0	0	0
CRE_19	59	59	0	0	0
CRE_20	1356	1356	0	0	0
CRE_21	266	266	122561	460.757	460.757
CRE_22	1766	1766	407685	230.852	230.852
CRE_23	367	367	0	0	0
CRE_24	1349	1349	105601	78.2812	78.2812
CRE_25	1570	1570	59200.7	37.7075	37.7075
CRE_26	1137	1137	62720.8	55.1634	55.1634
CRE_27	1130	1130	0	0	0
CRE_28	681	681	0	0	0
CRE_29	1054	1054	0	0	0
CRE_30	1268	1268	82241	64.8588	64.8588
CRE_31	1838	1838	0	0	0
CRE_32	825	825	68480.9	83.0071	83.0071
CRE_33	658	658	82241	124.986	124.986
CRE_34	707	707	0	0	0
CRE_35	475	475	31680.4	66.6956	66.6956
CRE_36	1607	1607	0	0	0
CRE_37	874	874	20480.3	23.4328	23.4328
CRE_38	1250	1250	451525	361.22	361.22
CRE_39	1432	1432	100481	70.1685	70.1685
CRE_40	368	368	89921.1	244.351	244.351
CRE_41	766	766	0	0	0
CRE_42	761	761	0	0	0
CRE_43	1781	1781	56640.7	31.8028	31.8028
CRE_44	107	107	0	0	0
CRE_45	1087	1087	0	0	0
CRE_46	1107	1107	0	0	0
CRE_47	514	514	0	0	0
CRE_48	1430	1430	0	0	0
CRE_49	782	782	79361	101.485	101.485
CRE_50	1162	1162	0	0	0
CRE_51	1364	1364	152322	111.673	111.673
CRE_52	1378	1378	217923	158.144	158.144
CRE_53	954	954	0	0	0
CRE_54	453	453	38400.5	84.7693	84.7693
CRE_55	1360	1360	261763	192.473	192.473
CRE_56	435	435	244803	562.765	562.765
CRE_57	1638	1638	3.07876e+06	1879.58	1879.58
CRE_58	673	673	0	0	0
CRE_59	526	526	1.13569e+06	2159.11	2159.11
CRE_60	1484	1484	1.47426e+06	993.434	993.434
CRE_61	1209	1209	296963	245.627	245.627
CRE_62	693	693	0	0	0
CRE_63	555	555	184322	332.112	332.112
CRE_64	806	806	24320.3	30.1741	30.1741
CRE_65	1139	1139	0	0	0
CRE_66	832	832	24640.3	29.6158	29.6158
CRE_67	874	874	0	0	0
CRE_68	928	928	414405	446.557	446.557
CRE_69	907	907	0	0	0
CRE_70	966	966	61120.8	63.272	63.272
CRE_71	1376	1376	18880.2	13.7211	13.7211
CRE_72	565	565	28160.4	49.8413	49.8413
CRE_73	357	357	0	0	0
CRE_74	1131	1131	79681	70.4518	70.4518
CRE_75	403	403	0	0	0
CRE_76	1532	1532	0	0	0
CRE_77	1304	1304	33600.4	25.7672	25.7672
CRE_78	993	993	50240.6	50.5948	50.5948
CRE_79	1214	1214	0	0	0
CRE_80	989	989	0	0	0
CRE_81	1811	1811	0	0	0
CRE_82	1152	1152	0	0	0
CRE_83	319	319	0	0	0
CRE_84	1627	1627	128001	78.6733	78.6733
CRE_85	1155	1155	0	0	0
CRE_86	714	714	0	0	0
CRE_87	954	954	26880.3	28.1765	28.1765
CRE_88	1341	1341	78081	58.2259	58.2259
CRE_89	667	667	0	0	0
CRE_90	1028	1028	59200.7	57.5883	57.5883
CRE_91	1007	1007	0	0	0
CRE_92	201	201	0	0	0
CRE_93	1552	1552	0	0	0
CRE_94	1166	1166	0	0	0
CRE_95	540	540	118081	218.669	218.669
CRE_96	736	736	25600.3	34.783	34.783
CRE_97	1445	1445	0	0	0
CRE_98	961	961	48640.5	50.6145	50.6145
CRE_99	1844	1844	149122	80.8687	80.8687
CRE_100	946	946	20480.3	21.6493	21.6493
CRE_101	224	224	62400.8	278.575	278.575
CRE_102	300	300	0	0	0
CRE_103	1934	1934	0	0	0
CRE_104	368	368	0	0	0
CRE_105	1519	1519	0	0	0
CRE_106	932	932	0	0	0
CRE_107	856	856	0	0	0
CRE_108	1299	1299	0	0	0
CRE_109	715	715	0	0	0
CRE_110	763	763	87041.1	114.077	114.077
CRE_111	1287	1287	58560.7	45.5017	45.5017
CRE_112	1291	1291	144642	112.039	112.039
CRE_113	713	713	305604	428.616	428.616
CRE_114	827	827	169602	205.081	205.081
CRE_115	217	217	0	0	0
CRE_116	918	918	0	0	0
CRE_117	1024	1024	0	0	0
CRE_118	728	728	0	0	0
CRE_119	1489	1489	0	0	0
CRE_120	1613	1613	60160.8	37.2974	37.2974
CRE_121	1421	1421	0	0	0
CRE_122	1080	1080	0	0	0
CRE_123	1496	1496	62080.8	41.4978	41.4978
CRE_124	225	225	0	0	0
CRE_125	1027	1027	0	0	0
CRE_126	1783	1783	0	0	0
CRE_127	1823	1823	395205	216.788	216.788
CRE_128	1366	1366	72960.9	53.4121	53.4121
CRE_129	1394	1394	113601	81.4931	81.4931
CRE_130	1873	1873	0	0	0
CRE_131	290	290	64000.8	220.692	220.692
CRE_132	232	232	0	0	0
CRE_133	458	458	0	0	0
CRE_134	1023	1023	216323	211.459	211.459
CRE_135	1275	1275	70080.9	54.9654	54.9654
CRE_136	1309	1309	130562	99.7414	99.7414
CRE_137	1661	1661	0	0	0
CRE_138	734	734	103041	140.383	140.383
Mb21d2_control	1000	1000	1.5885e+06	1588.5	1588.5
Fgf12_control	1000	1000	2.39043e+06	2390.43	2390.43
Wnt3_control	1000	1000	1.30433e+06	1304.33	1304.33
Zic3_promoter	1000	1000	17600.2	17.6002	17.6002
Rnf12_promoter	1000	1000	0	0	0
