name	size	covered	sum	mean0	mean 
CRE_1	1023	1023	432837	423.106	423.106
CRE_2	966	966	319279	330.517	330.517
CRE_3	703	703	36536.1	51.9717	51.9717
CRE_4	1453	1453	0	0	0
CRE_5	928	928	0	0	0
CRE_6	769	769	114216	148.526	148.526
CRE_7	1212	1212	0	0	0
CRE_8	979	979	70109.8	71.6137	71.6137
CRE_9	806	806	0	0	0
CRE_10	1639	1639	0	0	0
CRE_11	304	304	35219.5	115.854	115.854
CRE_12	740	740	225141	304.245	304.245
CRE_13	1078	1078	222508	206.408	206.408
CRE_14	231	231	50689.7	219.436	219.436
CRE_15	1149	1149	0	0	0
CRE_16	243	243	0	0	0
CRE_17	1025	1025	0	0	0
CRE_18	885	885	0	0	0
CRE_19	59	59	0	0	0
CRE_20	1356	1356	72084.7	53.1598	53.1598
CRE_21	266	266	25344.9	95.2814	95.2814
CRE_22	1766	1766	186959	105.866	105.866
CRE_23	367	367	155690	424.222	424.222
CRE_24	1349	1349	135941	100.771	100.771
CRE_25	1570	1570	0	0	0
CRE_26	1137	1137	63197.6	55.5827	55.5827
CRE_27	1130	1130	50031.4	44.2756	44.2756
CRE_28	681	681	47069	69.1175	69.1175
CRE_29	1054	1054	0	0	0
CRE_30	1268	1268	120800	95.2678	95.2678
CRE_31	1838	1838	111254	60.53	60.53
CRE_32	825	825	0	0	0
CRE_33	658	658	8228.85	12.5059	12.5059
CRE_34	707	707	0	0	0
CRE_35	475	475	0	0	0
CRE_36	1607	1607	0	0	0
CRE_37	874	874	0	0	0
CRE_38	1250	1250	66818.3	53.4546	53.4546
CRE_39	1432	1432	0	0	0
CRE_40	368	368	93150.6	253.127	253.127
CRE_41	766	766	0	0	0
CRE_42	761	761	102038	134.084	134.084
CRE_43	1781	1781	0	0	0
CRE_44	107	107	35219.5	329.154	329.154
CRE_45	1087	1087	34890.3	32.0978	32.0978
CRE_46	1107	1107	0	0	0
CRE_47	514	514	0	0	0
CRE_48	1430	1430	0	0	0
CRE_49	782	782	436787	558.551	558.551
CRE_50	1162	1162	0	0	0
CRE_51	1364	1364	221850	162.646	162.646
CRE_52	1378	1378	199138	144.512	144.512
CRE_53	954	954	0	0	0
CRE_54	453	453	0	0	0
CRE_55	1360	1360	470361	345.853	345.853
CRE_56	435	435	389718	895.903	895.903
CRE_57	1638	1638	3.83398e+06	2340.65	2340.65
CRE_58	673	673	38840.2	57.712	57.712
CRE_59	526	526	702413	1335.39	1335.39
CRE_60	1484	1484	1.55986e+06	1051.12	1051.12
CRE_61	1209	1209	19420.1	16.0629	16.0629
CRE_62	693	693	71097.3	102.593	102.593
CRE_63	555	555	234028	421.672	421.672
CRE_64	806	806	0	0	0
CRE_65	1139	1139	164248	144.203	144.203
CRE_66	832	832	0	0	0
CRE_67	874	874	0	0	0
CRE_68	928	928	337712	363.913	363.913
CRE_69	907	907	0	0	0
CRE_70	966	966	0	0	0
CRE_71	1376	1376	131991	95.9234	95.9234
CRE_72	565	565	0	0	0
CRE_73	357	357	88213.3	247.096	247.096
CRE_74	1131	1131	69451.5	61.4072	61.4072
CRE_75	403	403	0	0	0
CRE_76	1532	1532	0	0	0
CRE_77	1304	1304	0	0	0
CRE_78	993	993	0	0	0
CRE_79	1214	1214	0	0	0
CRE_80	989	989	0	0	0
CRE_81	1811	1811	0	0	0
CRE_82	1152	1152	0	0	0
CRE_83	319	319	0	0	0
CRE_84	1627	1627	0	0	0
CRE_85	1155	1155	0	0	0
CRE_86	714	714	0	0	0
CRE_87	954	954	0	0	0
CRE_88	1341	1341	0	0	0
CRE_89	667	667	0	0	0
CRE_90	1028	1028	90188.1	87.7316	87.7316
CRE_91	1007	1007	0	0	0
CRE_92	201	201	0	0	0
CRE_93	1552	1552	0	0	0
CRE_94	1166	1166	0	0	0
CRE_95	540	540	0	0	0
CRE_96	736	736	0	0	0
CRE_97	1445	1445	68464	47.38	47.38
CRE_98	961	961	174451	181.531	181.531
CRE_99	1844	1844	0	0	0
CRE_100	946	946	0	0	0
CRE_101	224	224	0	0	0
CRE_102	300	300	0	0	0
CRE_103	1934	1934	0	0	0
CRE_104	368	368	59247.7	160.999	160.999
CRE_105	1519	1519	152069	100.111	100.111
CRE_106	932	932	113558	121.843	121.843
CRE_107	856	856	51677.2	60.3705	60.3705
CRE_108	1299	1299	0	0	0
CRE_109	715	715	0	0	0
CRE_110	763	763	0	0	0
CRE_111	1287	1287	144169	112.02	112.02
CRE_112	1291	1291	258715	200.399	200.399
CRE_113	713	713	0	0	0
CRE_114	827	827	211975	256.318	256.318
CRE_115	217	217	0	0	0
CRE_116	918	918	0	0	0
CRE_117	1024	1024	0	0	0
CRE_118	728	728	0	0	0
CRE_119	1489	1489	0	0	0
CRE_120	1613	1613	32915.4	20.4063	20.4063
CRE_121	1421	1421	0	0	0
CRE_122	1080	1080	0	0	0
CRE_123	1496	1496	0	0	0
CRE_124	225	225	0	0	0
CRE_125	1027	1027	0	0	0
CRE_126	1783	1783	0	0	0
CRE_127	1823	1823	214279	117.542	117.542
CRE_128	1366	1366	83276	60.9634	60.9634
CRE_129	1394	1394	64185	46.0438	46.0438
CRE_130	1873	1873	0	0	0
CRE_131	290	290	0	0	0
CRE_132	232	232	0	0	0
CRE_133	458	458	49702.3	108.52	108.52
CRE_134	1023	1023	0	0	0
CRE_135	1275	1275	74718	58.6023	58.6023
CRE_136	1309	1309	74059.6	56.5773	56.5773
CRE_137	1661	1661	0	0	0
CRE_138	734	734	15799.4	21.5251	21.5251
Mb21d2_control	1000	1000	1.95846e+06	1958.46	1958.46
Fgf12_control	1000	1000	1.65202e+06	1652.02	1652.02
Wnt3_control	1000	1000	1.30608e+06	1306.08	1306.08
Zic3_promoter	1000	1000	0	0	0
Rnf12_promoter	1000	1000	0	0	0
