name	size	covered	sum	mean0	mean 
CRE_1	1023	1023	489484	478.479	478.479
CRE_2	966	966	316659	327.805	327.805
CRE_3	703	703	74704.9	106.266	106.266
CRE_4	1453	1453	86969.8	59.8554	59.8554
CRE_5	928	928	0	0	0
CRE_6	769	769	68014.9	88.4459	88.4459
CRE_7	1212	1212	0	0	0
CRE_8	979	979	232663	237.654	237.654
CRE_9	806	806	53891.6	66.863	66.863
CRE_10	1639	1639	0	0	0
CRE_11	304	304	0	0	0
CRE_12	740	740	298819	403.81	403.81
CRE_13	1078	1078	0	0	0
CRE_14	231	231	83624.8	362.012	362.012
CRE_15	1149	1149	0	0	0
CRE_16	243	243	0	0	0
CRE_17	1025	1025	0	0	0
CRE_18	885	885	0	0	0
CRE_19	59	59	0	0	0
CRE_20	1356	1356	357171	263.4	263.4
CRE_21	266	266	0	0	0
CRE_22	1766	1766	106668	60.401	60.401
CRE_23	367	367	0	0	0
CRE_24	1349	1349	0	0	0
CRE_25	1570	1570	83996.5	53.501	53.501
CRE_26	1137	1137	0	0	0
CRE_27	1130	1130	175426	155.245	155.245
CRE_28	681	681	0	0	0
CRE_29	1054	1054	0	0	0
CRE_30	1268	1268	110013	86.7611	86.7611
CRE_31	1838	1838	62439.9	33.9716	33.9716
CRE_32	825	825	0	0	0
CRE_33	658	658	0	0	0
CRE_34	707	707	0	0	0
CRE_35	475	475	36794.9	77.463	77.463
CRE_36	1607	1607	7061.65	4.39431	4.39431
CRE_37	874	874	0	0	0
CRE_38	1250	1250	309226	247.381	247.381
CRE_39	1432	1432	0	0	0
CRE_40	368	368	220770	599.917	599.917
CRE_41	766	766	0	0	0
CRE_42	761	761	0	0	0
CRE_43	1781	1781	220398	123.75	123.75
CRE_44	107	107	0	0	0
CRE_45	1087	1087	0	0	0
CRE_46	1107	1107	230433	208.16	208.16
CRE_47	514	514	0	0	0
CRE_48	1430	1430	11150	7.79719	7.79719
CRE_49	782	782	0	0	0
CRE_50	1162	1162	157215	135.297	135.297
CRE_51	1364	1364	168365	123.435	123.435
CRE_52	1378	1378	76005.7	55.1565	55.1565
CRE_53	954	954	0	0	0
CRE_54	453	453	0	0	0
CRE_55	1360	1360	248273	182.554	182.554
CRE_56	435	435	200699	461.378	461.378
CRE_57	1638	1638	3.72037e+06	2271.29	2271.29
CRE_58	673	673	279493	415.294	415.294
CRE_59	526	526	647442	1230.88	1230.88
CRE_60	1484	1484	1.80964e+06	1219.44	1219.44
CRE_61	1209	1209	0	0	0
CRE_62	693	693	0	0	0
CRE_63	555	555	0	0	0
CRE_64	806	806	40139.9	49.8014	49.8014
CRE_65	1139	1139	0	0	0
CRE_66	832	832	0	0	0
CRE_67	874	874	124136	142.033	142.033
CRE_68	928	928	250875	270.339	270.339
CRE_69	907	907	0	0	0
CRE_70	966	966	46086.6	47.7087	47.7087
CRE_71	1376	1376	112986	82.1123	82.1123
CRE_72	565	565	149781	265.1	265.1
CRE_73	357	357	0	0	0
CRE_74	1131	1131	0	0	0
CRE_75	403	403	0	0	0
CRE_76	1532	1532	0	0	0
CRE_77	1304	1304	0	0	0
CRE_78	993	993	0	0	0
CRE_79	1214	1214	82881.5	68.2714	68.2714
CRE_80	989	989	134171	135.664	135.664
CRE_81	1811	1811	0	0	0
CRE_82	1152	1152	0	0	0
CRE_83	319	319	0	0	0
CRE_84	1627	1627	0	0	0
CRE_85	1155	1155	179886	155.746	155.746
CRE_86	714	714	0	0	0
CRE_87	954	954	16725	17.5314	17.5314
CRE_88	1341	1341	31963.3	23.8354	23.8354
CRE_89	667	667	104438	156.579	156.579
CRE_90	1028	1028	0	0	0
CRE_91	1007	1007	33821.6	33.5865	33.5865
CRE_92	201	201	14866.6	73.9634	73.9634
CRE_93	1552	1552	145321	93.6349	93.6349
CRE_94	1166	1166	0	0	0
CRE_95	540	540	0	0	0
CRE_96	736	736	0	0	0
CRE_97	1445	1445	0	0	0
CRE_98	961	961	0	0	0
CRE_99	1844	1844	76563.2	41.5202	41.5202
CRE_100	946	946	0	0	0
CRE_101	224	224	0	0	0
CRE_102	300	300	0	0	0
CRE_103	1934	1934	0	0	0
CRE_104	368	368	165763	450.443	450.443
CRE_105	1519	1519	91429.8	60.1908	60.1908
CRE_106	932	932	94403.2	101.291	101.291
CRE_107	856	856	135658	158.479	158.479
CRE_108	1299	1299	0	0	0
CRE_109	715	715	0	0	0
CRE_110	763	763	253105	331.723	331.723
CRE_111	1287	1287	591692	459.746	459.746
CRE_112	1291	1291	567906	439.896	439.896
CRE_113	713	713	136030	190.785	190.785
CRE_114	827	827	179515	217.067	217.067
CRE_115	217	217	0	0	0
CRE_116	918	918	20441.6	22.2676	22.2676
CRE_117	1024	1024	0	0	0
CRE_118	728	728	134171	184.301	184.301
CRE_119	1489	1489	539659	362.431	362.431
CRE_120	1613	1613	22671.6	14.0556	14.0556
CRE_121	1421	1421	131570	92.5896	92.5896
CRE_122	1080	1080	0	0	0
CRE_123	1496	1496	0	0	0
CRE_124	225	225	57608.2	256.037	256.037
CRE_125	1027	1027	72846.5	70.9314	70.9314
CRE_126	1783	1783	47573.2	26.6816	26.6816
CRE_127	1823	1823	337844	185.323	185.323
CRE_128	1366	1366	161675	118.356	118.356
CRE_129	1394	1394	144206	103.448	103.448
CRE_130	1873	1873	24158.3	12.8982	12.8982
CRE_131	290	290	0	0	0
CRE_132	232	232	0	0	0
CRE_133	458	458	0	0	0
CRE_134	1023	1023	69501.5	67.9389	67.9389
CRE_135	1275	1275	0	0	0
CRE_136	1309	1309	105925	80.9204	80.9204
CRE_137	1661	1661	86226.5	51.9124	51.9124
CRE_138	734	734	0	0	0
Mb21d2_control	1000	1000	1.53461e+06	1534.61	1534.61
Fgf12_control	1000	1000	1.57326e+06	1573.26	1573.26
Wnt3_control	1000	1000	1.1031e+06	1103.1	1103.1
Zic3_promoter	1000	1000	46458.2	46.4582	46.4582
Rnf12_promoter	1000	1000	22671.6	22.6716	22.6716
