name	size	covered	sum	mean0	mean 
CRE_1	1023	1023	473739	463.088	463.088
CRE_2	966	966	498489	516.034	516.034
CRE_3	703	703	0	0	0
CRE_4	1453	1453	0	0	0
CRE_5	928	928	20714.3	22.3215	22.3215
CRE_6	769	769	0	0	0
CRE_7	1212	1212	0	0	0
CRE_8	979	979	64295.1	65.6742	65.6742
CRE_9	806	806	0	0	0
CRE_10	1639	1639	11836.7	7.22193	7.22193
CRE_11	304	304	0	0	0
CRE_12	740	740	32820.1	44.3515	44.3515
CRE_13	1078	1078	0	0	0
CRE_14	231	231	45463.9	196.813	196.813
CRE_15	1149	1149	68599.3	59.7035	59.7035
CRE_16	243	243	0	0	0
CRE_17	1025	1025	0	0	0
CRE_18	885	885	0	0	0
CRE_19	59	59	0	0	0
CRE_20	1356	1356	218173	160.895	160.895
CRE_21	266	266	60259.8	226.541	226.541
CRE_22	1766	1766	228664	129.482	129.482
CRE_23	367	367	0	0	0
CRE_24	1349	1349	64833.1	48.0601	48.0601
CRE_25	1570	1570	165714	105.551	105.551
CRE_26	1137	1137	0	0	0
CRE_27	1130	1130	0	0	0
CRE_28	681	681	68868.4	101.128	101.128
CRE_29	1054	1054	17486.1	16.5902	16.5902
CRE_30	1268	1268	193423	152.542	152.542
CRE_31	1838	1838	0	0	0
CRE_32	825	825	0	0	0
CRE_33	658	658	0	0	0
CRE_34	707	707	20445.3	28.9184	28.9184
CRE_35	475	475	25018.6	52.6707	52.6707
CRE_36	1607	1607	0	0	0
CRE_37	874	874	0	0	0
CRE_38	1250	1250	119713	95.7701	95.7701
CRE_39	1432	1432	16410	11.4595	11.4595
CRE_40	368	368	32820.1	89.185	89.185
CRE_41	766	766	162217	211.772	211.772
CRE_42	761	761	65909.2	86.6086	86.6086
CRE_43	1781	1781	0	0	0
CRE_44	107	107	0	0	0
CRE_45	1087	1087	0	0	0
CRE_46	1107	1107	0	0	0
CRE_47	514	514	0	0	0
CRE_48	1430	1430	55686.5	38.9416	38.9416
CRE_49	782	782	398952	510.169	510.169
CRE_50	1162	1162	28784.8	24.7718	24.7718
CRE_51	1364	1364	399221	292.684	292.684
CRE_52	1378	1378	279240	202.641	202.641
CRE_53	954	954	25556.6	26.7889	26.7889
CRE_54	453	453	16410	36.2252	36.2252
CRE_55	1360	1360	571392	420.141	420.141
CRE_56	435	435	384157	883.12	883.12
CRE_57	1638	1638	3.87116e+06	2363.34	2363.34
CRE_58	673	673	113794	169.085	169.085
CRE_59	526	526	443071	842.341	842.341
CRE_60	1484	1484	2.10802e+06	1420.5	1420.5
CRE_61	1209	1209	0	0	0
CRE_62	693	693	52727.3	76.0856	76.0856
CRE_63	555	555	2152.14	3.87772	3.87772
CRE_64	806	806	67254.2	83.442	83.442
CRE_65	1139	1139	0	0	0
CRE_66	832	832	0	0	0
CRE_67	874	874	0	0	0
CRE_68	928	928	99536.3	107.259	107.259
CRE_69	907	907	0	0	0
CRE_70	966	966	54879.5	56.811	56.811
CRE_71	1376	1376	82319.2	59.825	59.825
CRE_72	565	565	156568	277.111	277.111
CRE_73	357	357	47885	134.132	134.132
CRE_74	1131	1131	122134	107.987	107.987
CRE_75	403	403	0	0	0
CRE_76	1532	1532	0	0	0
CRE_77	1304	1304	0	0	0
CRE_78	993	993	0	0	0
CRE_79	1214	1214	0	0	0
CRE_80	989	989	0	0	0
CRE_81	1811	1811	29053.8	16.043	16.043
CRE_82	1152	1152	0	0	0
CRE_83	319	319	0	0	0
CRE_84	1627	1627	54341.4	33.3998	33.3998
CRE_85	1155	1155	0	0	0
CRE_86	714	714	0	0	0
CRE_87	954	954	0	0	0
CRE_88	1341	1341	66716.2	49.7511	49.7511
CRE_89	667	667	0	0	0
CRE_90	1028	1028	52458.3	51.0295	51.0295
CRE_91	1007	1007	0	0	0
CRE_92	201	201	54072.4	269.017	269.017
CRE_93	1552	1552	44118.8	28.4271	28.4271
CRE_94	1166	1166	0	0	0
CRE_95	540	540	0	0	0
CRE_96	736	736	17755.1	24.1238	24.1238
CRE_97	1445	1445	0	0	0
CRE_98	961	961	0	0	0
CRE_99	1844	1844	43849.8	23.7797	23.7797
CRE_100	946	946	44387.8	46.9216	46.9216
CRE_101	224	224	0	0	0
CRE_102	300	300	0	0	0
CRE_103	1934	1934	0	0	0
CRE_104	368	368	116215	315.803	315.803
CRE_105	1519	1519	188043	123.794	123.794
CRE_106	932	932	102226	109.685	109.685
CRE_107	856	856	75324.8	87.9962	87.9962
CRE_108	1299	1299	0	0	0
CRE_109	715	715	0	0	0
CRE_110	763	763	266058	348.7	348.7
CRE_111	1287	1287	110835	86.1189	86.1189
CRE_112	1291	1291	165983	128.57	128.57
CRE_113	713	713	105993	148.657	148.657
CRE_114	827	827	131549	159.068	159.068
CRE_115	217	217	128590	592.581	592.581
CRE_116	918	918	45463.9	49.5249	49.5249
CRE_117	1024	1024	81512.2	79.6017	79.6017
CRE_118	728	728	128859	177.004	177.004
CRE_119	1489	1489	87699.5	58.8983	58.8983
CRE_120	1613	1613	263099	163.111	163.111
CRE_121	1421	1421	0	0	0
CRE_122	1080	1080	0	0	0
CRE_123	1496	1496	0	0	0
CRE_124	225	225	0	0	0
CRE_125	1027	1027	0	0	0
CRE_126	1783	1783	57300.6	32.1372	32.1372
CRE_127	1823	1823	544221	298.531	298.531
CRE_128	1366	1366	96039.1	70.3068	70.3068
CRE_129	1394	1394	33089.1	23.7368	23.7368
CRE_130	1873	1873	186967	99.8221	99.8221
CRE_131	290	290	21521.4	74.2116	74.2116
CRE_132	232	232	57569.6	248.145	248.145
CRE_133	458	458	61604.9	134.508	134.508
CRE_134	1023	1023	273052	266.913	266.913
CRE_135	1275	1275	25556.6	20.0444	20.0444
CRE_136	1309	1309	50575.2	38.6365	38.6365
CRE_137	1661	1661	0	0	0
CRE_138	734	734	105186	143.305	143.305
Mb21d2_control	1000	1000	1.60038e+06	1600.38	1600.38
Fgf12_control	1000	1000	1.11077e+06	1110.77	1110.77
Wnt3_control	1000	1000	828573	828.573	828.573
Zic3_promoter	1000	1000	257180	257.18	257.18
Rnf12_promoter	1000	1000	19907.3	19.9073	19.9073
