name	size	covered	sum	mean0	mean 
CRE_1	1023	1023	58999.7	57.6732	57.6732
CRE_2	966	966	238334	246.723	246.723
CRE_3	703	703	31912.8	45.3951	45.3951
CRE_4	1453	1453	0	0	0
CRE_5	928	928	27398.3	29.524	29.524
CRE_6	769	769	68184.5	88.6665	88.6665
CRE_7	1212	1212	35804.6	29.5417	29.5417
CRE_8	979	979	92313.7	94.2939	94.2939
CRE_9	806	806	0	0	0
CRE_10	1639	1639	0	0	0
CRE_11	304	304	68495.8	225.315	225.315
CRE_12	740	740	56042	75.7324	75.7324
CRE_13	1078	1078	79081.6	73.3595	73.3595
CRE_14	231	231	14010.5	60.6516	60.6516
CRE_15	1149	1149	0	0	0
CRE_16	243	243	0	0	0
CRE_17	1025	1025	0	0	0
CRE_18	885	885	0	0	0
CRE_19	59	59	0	0	0
CRE_20	1356	1356	16501.2	12.169	12.169
CRE_21	266	266	53240	200.15	200.15
CRE_22	1766	1766	175910	99.609	99.609
CRE_23	367	367	0	0	0
CRE_24	1349	1349	0	0	0
CRE_25	1570	1570	37828.3	24.0945	24.0945
CRE_26	1137	1137	14321.8	12.5962	12.5962
CRE_27	1130	1130	24596.3	21.7666	21.7666
CRE_28	681	681	55730.7	81.8365	81.8365
CRE_29	1054	1054	0	0	0
CRE_30	1268	1268	66005	52.0544	52.0544
CRE_31	1838	1838	0	0	0
CRE_32	825	825	0	0	0
CRE_33	658	658	31912.8	48.4996	48.4996
CRE_34	707	707	0	0	0
CRE_35	475	475	82195	173.042	173.042
CRE_36	1607	1607	78147.5	48.6294	48.6294
CRE_37	874	874	28176.6	32.2387	32.2387
CRE_38	1250	1250	132321	105.857	105.857
CRE_39	1432	1432	32846.8	22.9377	22.9377
CRE_40	368	368	61801.9	167.94	167.94
CRE_41	766	766	0	0	0
CRE_42	761	761	0	0	0
CRE_43	1781	1781	9651.66	5.41924	5.41924
CRE_44	107	107	0	0	0
CRE_45	1087	1087	29266.3	26.924	26.924
CRE_46	1107	1107	33313.8	30.0938	30.0938
CRE_47	514	514	31757.1	61.7842	61.7842
CRE_48	1430	1430	41720.1	29.1749	29.1749
CRE_49	782	782	165635	211.81	211.81
CRE_50	1162	1162	128741	110.792	110.792
CRE_51	1364	1364	219654	161.036	161.036
CRE_52	1378	1378	233820	169.681	169.681
CRE_53	954	954	81105.3	85.0161	85.0161
CRE_54	453	453	152248	336.088	336.088
CRE_55	1360	1360	306519	225.382	225.382
CRE_56	435	435	345126	793.393	793.393
CRE_57	1638	1638	2.90531e+06	1773.7	1773.7
CRE_58	673	673	26775.6	39.7854	39.7854
CRE_59	526	526	358669	681.881	681.881
CRE_60	1484	1484	1.3215e+06	890.501	890.501
CRE_61	1209	1209	14788.8	12.2323	12.2323
CRE_62	693	693	104923	151.404	151.404
CRE_63	555	555	74099.9	133.513	133.513
CRE_64	806	806	35804.6	44.4225	44.4225
CRE_65	1139	1139	19926.1	17.4944	17.4944
CRE_66	832	832	0	0	0
CRE_67	874	874	29577.7	33.8417	33.8417
CRE_68	928	928	291730	314.364	314.364
CRE_69	907	907	0	0	0
CRE_70	966	966	24129.2	24.9784	24.9784
CRE_71	1376	1376	230084	167.212	167.212
CRE_72	565	565	0	0	0
CRE_73	357	357	0	0	0
CRE_74	1131	1131	19926.1	17.6181	17.6181
CRE_75	403	403	0	0	0
CRE_76	1532	1532	62113.3	40.5439	40.5439
CRE_77	1304	1304	43276.9	33.1878	33.1878
CRE_78	993	993	0	0	0
CRE_79	1214	1214	0	0	0
CRE_80	989	989	0	0	0
CRE_81	1811	1811	74100	40.9166	40.9166
CRE_82	1152	1152	34247.8	29.729	29.729
CRE_83	319	319	8250.62	25.864	25.864
CRE_84	1627	1627	112395	69.0814	69.0814
CRE_85	1155	1155	84062.9	72.7817	72.7817
CRE_86	714	714	0	0	0
CRE_87	954	954	33625.2	35.2465	35.2465
CRE_88	1341	1341	0	0	0
CRE_89	667	667	0	0	0
CRE_90	1028	1028	0	0	0
CRE_91	1007	1007	0	0	0
CRE_92	201	201	0	0	0
CRE_93	1552	1552	19926	12.8389	12.8389
CRE_94	1166	1166	778.36	0.667547	0.667547
CRE_95	540	540	14633.2	27.0985	27.0985
CRE_96	736	736	16656.9	22.6317	22.6317
CRE_97	1445	1445	0	0	0
CRE_98	961	961	99163.3	103.188	103.188
CRE_99	1844	1844	95738.5	51.9189	51.9189
CRE_100	946	946	0	0	0
CRE_101	224	224	6538.22	29.1885	29.1885
CRE_102	300	300	0	0	0
CRE_103	1934	1934	0	0	0
CRE_104	368	368	0	0	0
CRE_105	1519	1519	196770	129.539	129.539
CRE_106	932	932	64759.8	69.4847	69.4847
CRE_107	856	856	11364.1	13.2758	13.2758
CRE_108	1299	1299	17124	13.1824	13.1824
CRE_109	715	715	0	0	0
CRE_110	763	763	102899	134.861	134.861
CRE_111	1287	1287	254524	197.765	197.765
CRE_112	1291	1291	132166	102.375	102.375
CRE_113	713	713	119868	168.117	168.117
CRE_114	827	827	30356	36.7062	36.7062
CRE_115	217	217	0	0	0
CRE_116	918	918	57287.3	62.4045	62.4045
CRE_117	1024	1024	71920.7	70.2351	70.2351
CRE_118	728	728	147266	202.289	202.289
CRE_119	1489	1489	16034.2	10.7684	10.7684
CRE_120	1613	1613	50282.2	31.1731	31.1731
CRE_121	1421	1421	0	0	0
CRE_122	1080	1080	26464.3	24.504	24.504
CRE_123	1496	1496	54640.9	36.5246	36.5246
CRE_124	225	225	0	0	0
CRE_125	1027	1027	63981.3	62.2992	62.2992
CRE_126	1783	1783	19614.7	11.0009	11.0009
CRE_127	1823	1823	344503	188.976	188.976
CRE_128	1366	1366	53084.2	38.8611	38.8611
CRE_129	1394	1394	50593.5	36.2938	36.2938
CRE_130	1873	1873	94804.3	50.6163	50.6163
CRE_131	290	290	29577.7	101.992	101.992
CRE_132	232	232	17123.9	73.81	73.81
CRE_133	458	458	75968	165.869	165.869
CRE_134	1023	1023	145087	141.825	141.825
CRE_135	1275	1275	0	0	0
CRE_136	1309	1309	126250	96.4478	96.4478
CRE_137	1661	1661	10274.4	6.18564	6.18564
CRE_138	734	734	41875.8	57.0515	57.0515
Mb21d2_control	1000	1000	1.15058e+06	1150.58	1150.58
Fgf12_control	1000	1000	1.01997e+06	1019.97	1019.97
Wnt3_control	1000	1000	1.29909e+06	1299.09	1299.09
Zic3_promoter	1000	1000	81105.1	81.1051	81.1051
Rnf12_promoter	1000	1000	0	0	0
