name	size	covered	sum	mean0	mean 
CRE_1	1023	1023	595825	582.429	582.429
CRE_2	966	966	745621	771.864	771.864
CRE_3	703	703	38812.6	55.21	55.21
CRE_4	1453	1453	15525.1	10.6848	10.6848
CRE_5	928	928	0	0	0
CRE_6	769	769	152523	198.339	198.339
CRE_7	1212	1212	0	0	0
CRE_8	979	979	279870	285.873	285.873
CRE_9	806	806	12168.3	15.0971	15.0971
CRE_10	1639	1639	26644.3	16.2565	16.2565
CRE_11	304	304	117487	386.469	386.469
CRE_12	740	740	442044	597.357	597.357
CRE_13	1078	1078	98814.7	91.6648	91.6648
CRE_14	231	231	9440.91	40.8697	40.8697
CRE_15	1149	1149	42798.8	37.2487	37.2487
CRE_16	243	243	0	0	0
CRE_17	1025	1025	13427.1	13.0996	13.0996
CRE_18	885	885	15525.1	17.5424	17.5424
CRE_19	59	59	0	0	0
CRE_20	1356	1356	117906	86.9515	86.9515
CRE_21	266	266	40071.4	150.644	150.644
CRE_22	1766	1766	200567	113.571	113.571
CRE_23	367	367	0	0	0
CRE_24	1349	1349	0	0	0
CRE_25	1570	1570	60841.4	38.7525	38.7525
CRE_26	1137	1137	80142.8	70.4862	70.4862
CRE_27	1130	1130	23287.6	20.6085	20.6085
CRE_28	681	681	89793.5	131.855	131.855
CRE_29	1054	1054	0	0	0
CRE_30	1268	1268	0	0	0
CRE_31	1838	1838	46365.4	25.226	25.226
CRE_32	825	825	0	0	0
CRE_33	658	658	27063.9	41.1306	41.1306
CRE_34	707	707	0	0	0
CRE_35	475	475	0	0	0
CRE_36	1607	1607	39861.6	24.805	24.805
CRE_37	874	874	0	0	0
CRE_38	1250	1250	307354	245.883	245.883
CRE_39	1432	1432	0	0	0
CRE_40	368	368	0	0	0
CRE_41	766	766	76366.3	99.695	99.695
CRE_42	761	761	61261	80.5007	80.5007
CRE_43	1781	1781	87485.8	49.1217	49.1217
CRE_44	107	107	16993.6	158.819	158.819
CRE_45	1087	1087	25805.2	23.7398	23.7398
CRE_46	1107	1107	44896.8	40.5572	40.5572
CRE_47	514	514	34616.7	67.3476	67.3476
CRE_48	1430	1430	58533.6	40.9326	40.9326
CRE_49	782	782	144131	184.311	184.311
CRE_50	1162	1162	143502	123.495	123.495
CRE_51	1364	1364	417917	306.391	306.391
CRE_52	1378	1378	11329.1	8.2214	8.2214
CRE_53	954	954	40700.8	42.6633	42.6633
CRE_54	453	453	139935	308.907	308.907
CRE_55	1360	1360	185461	136.369	136.369
CRE_56	435	435	455681	1047.54	1047.54
CRE_57	1638	1638	7.92448e+06	4837.9	4837.9
CRE_58	673	673	273367	406.191	406.191
CRE_59	526	526	1.19585e+06	2273.47	2273.47
CRE_60	1484	1484	5.43208e+06	3660.43	3660.43
CRE_61	1209	1209	266233	220.21	220.21
CRE_62	693	693	208329	300.619	300.619
CRE_63	555	555	111193	200.348	200.348
CRE_64	806	806	94409	117.133	117.133
CRE_65	1139	1139	0	0	0
CRE_66	832	832	91891.3	110.446	110.446
CRE_67	874	874	0	0	0
CRE_68	928	928	356866	384.554	384.554
CRE_69	907	907	32728.5	36.0843	36.0843
CRE_70	966	966	86017.2	89.0447	89.0447
CRE_71	1376	1376	67345.2	48.9427	48.9427
CRE_72	565	565	799538	1415.11	1415.11
CRE_73	357	357	46575.1	130.463	130.463
CRE_74	1131	1131	110354	97.5717	97.5717
CRE_75	403	403	35875.5	89.021	89.021
CRE_76	1532	1532	9440.91	6.16247	6.16247
CRE_77	1304	1304	122942	94.2803	94.2803
CRE_78	993	993	20140.6	20.2826	20.2826
CRE_79	1214	1214	47414.3	39.0563	39.0563
CRE_80	989	989	12797.7	12.94	12.94
CRE_81	1811	1811	11329.1	6.25571	6.25571
CRE_82	1152	1152	20979.8	18.2116	18.2116
CRE_83	319	319	0	0	0
CRE_84	1627	1627	129235	79.4317	79.4317
CRE_85	1155	1155	62939.4	54.493	54.493
CRE_86	714	714	0	0	0
CRE_87	954	954	30840.3	32.3274	32.3274
CRE_88	1341	1341	14895.7	11.1079	11.1079
CRE_89	667	667	0	0	0
CRE_90	1028	1028	109724	106.736	106.736
CRE_91	1007	1007	14685.9	14.5838	14.5838
CRE_92	201	201	0	0	0
CRE_93	1552	1552	17413.2	11.2199	11.2199
CRE_94	1166	1166	15734.9	13.4947	13.4947
CRE_95	540	540	17623	32.6352	32.6352
CRE_96	736	736	39861.6	54.1598	54.1598
CRE_97	1445	1445	13427.1	9.29209	9.29209
CRE_98	961	961	0	0	0
CRE_99	1844	1844	79933	43.3476	43.3476
CRE_100	946	946	84758.4	89.5966	89.5966
CRE_101	224	224	0	0	0
CRE_102	300	300	49302.5	164.342	164.342
CRE_103	1934	1934	13007.5	6.72569	6.72569
CRE_104	368	368	25175.7	68.4123	68.4123
CRE_105	1519	1519	213784	140.74	140.74
CRE_106	932	932	67345.2	72.2588	72.2588
CRE_107	856	856	11119.3	12.9898	12.9898
CRE_108	1299	1299	0	0	0
CRE_109	715	715	0	0	0
CRE_110	763	763	51610.3	67.6413	67.6413
CRE_111	1287	1287	185041	143.777	143.777
CRE_112	1291	1291	9231.11	7.15036	7.15036
CRE_113	713	713	129865	182.139	182.139
CRE_114	827	827	86856.2	105.026	105.026
CRE_115	217	217	0	0	0
CRE_116	918	918	53498.4	58.2771	58.2771
CRE_117	1024	1024	0	0	0
CRE_118	728	728	92940.4	127.665	127.665
CRE_119	1489	1489	131124	88.0616	88.0616
CRE_120	1613	1613	124830	77.3897	77.3897
CRE_121	1421	1421	288052	202.711	202.711
CRE_122	1080	1080	14476.1	13.4038	13.4038
CRE_123	1496	1496	86227	57.6384	57.6384
CRE_124	225	225	10909.5	48.4866	48.4866
CRE_125	1027	1027	19511.2	18.9983	18.9983
CRE_126	1783	1783	36504.9	20.4738	20.4738
CRE_127	1823	1823	170146	93.3329	93.3329
CRE_128	1366	1366	172454	126.247	126.247
CRE_129	1394	1394	128816	92.4073	92.4073
CRE_130	1873	1873	67345.1	35.9557	35.9557
CRE_131	290	290	0	0	0
CRE_132	232	232	48673.1	209.798	209.798
CRE_133	458	458	57064.9	124.596	124.596
CRE_134	1023	1023	230148	224.974	224.974
CRE_135	1275	1275	18252.4	14.3156	14.3156
CRE_136	1309	1309	56855.3	43.4341	43.4341
CRE_137	1661	1661	53498.4	32.2086	32.2086
CRE_138	734	734	0	0	0
Mb21d2_control	1000	1000	919754	919.754	919.754
Fgf12_control	1000	1000	701983	701.983	701.983
Wnt3_control	1000	1000	697577	697.577	697.577
Zic3_promoter	1000	1000	146649	146.649	146.649
Rnf12_promoter	1000	1000	12378.1	12.3781	12.3781
