name	size	covered	sum	mean0	mean 
CRE_1	1023	1023	400699	391.69	391.69
CRE_2	966	966	350937	363.289	363.289
CRE_3	703	703	22887.2	32.5565	32.5565
CRE_4	1453	1453	23234	15.9904	15.9904
CRE_5	928	928	0	0	0
CRE_6	769	769	123105	160.085	160.085
CRE_7	1212	1212	91202.1	75.2492	75.2492
CRE_8	979	979	138537	141.509	141.509
CRE_9	806	806	15084.8	18.7156	18.7156
CRE_10	1639	1639	12657.3	7.72259	7.72259
CRE_11	304	304	97964.2	322.251	322.251
CRE_12	740	740	153795	207.831	207.831
CRE_13	1078	1078	66927.8	62.0851	62.0851
CRE_14	231	231	15084.8	65.302	65.302
CRE_15	1149	1149	55137.4	47.9873	47.9873
CRE_16	243	243	0	0	0
CRE_17	1025	1025	82012.5	80.0122	80.0122
CRE_18	885	885	13177.5	14.8898	14.8898
CRE_19	59	59	0	0	0
CRE_20	1356	1356	73863.3	54.4715	54.4715
CRE_21	266	266	55310.8	207.935	207.935
CRE_22	1766	1766	352498	199.602	199.602
CRE_23	367	367	1213.72	3.30713	3.30713
CRE_24	1349	1349	53750.3	39.8445	39.8445
CRE_25	1570	1570	46468	29.5974	29.5974
CRE_26	1137	1137	267017	234.844	234.844
CRE_27	1130	1130	126400	111.858	111.858
CRE_28	681	681	106287	156.075	156.075
CRE_29	1054	1054	36411.5	34.546	34.546
CRE_30	1268	1268	42826.8	33.7751	33.7751
CRE_31	1838	1838	24447.7	13.3013	13.3013
CRE_32	825	825	1387.1	1.68134	1.68134
CRE_33	658	658	0	0	0
CRE_34	707	707	18725.9	26.4864	26.4864
CRE_35	475	475	38665.5	81.4011	81.4011
CRE_36	1607	1607	157089	97.7532	97.7532
CRE_37	874	874	9362.95	10.7128	10.7128
CRE_38	1250	1250	457571	366.057	366.057
CRE_39	1432	1432	14391.2	10.0497	10.0497
CRE_40	368	368	98657.7	268.092	268.092
CRE_41	766	766	0	0	0
CRE_42	761	761	95190	125.085	125.085
CRE_43	1781	1781	0	0	0
CRE_44	107	107	0	0	0
CRE_45	1087	1087	115303	106.074	106.074
CRE_46	1107	1107	0	0	0
CRE_47	514	514	28782.4	55.9969	55.9969
CRE_48	1430	1430	68661.6	48.0151	48.0151
CRE_49	782	782	135589	173.388	173.388
CRE_50	1162	1162	116863	100.571	100.571
CRE_51	1364	1364	471788	345.886	345.886
CRE_52	1378	1378	151541	109.972	109.972
CRE_53	954	954	11443.6	11.9954	11.9954
CRE_54	453	453	21326.7	47.0789	47.0789
CRE_55	1360	1360	390643	287.237	287.237
CRE_56	435	435	334812	769.683	769.683
CRE_57	1638	1638	6.05123e+06	3694.28	3694.28
CRE_58	673	673	206852	307.358	307.358
CRE_59	526	526	780419	1483.69	1483.69
CRE_60	1484	1484	3.3228e+06	2239.09	2239.09
CRE_61	1209	1209	56524.5	46.7531	46.7531
CRE_62	693	693	145472	209.917	209.917
CRE_63	555	555	381106	686.678	686.678
CRE_64	806	806	232166	288.048	288.048
CRE_65	1139	1139	0	0	0
CRE_66	832	832	0	0	0
CRE_67	874	874	0	0	0
CRE_68	928	928	328397	353.876	353.876
CRE_69	907	907	114956	126.743	126.743
CRE_70	966	966	36064.7	37.334	37.334
CRE_71	1376	1376	114436	83.1658	83.1658
CRE_72	565	565	511320	904.992	904.992
CRE_73	357	357	0	0	0
CRE_74	1131	1131	109755	97.0421	97.0421
CRE_75	403	403	49068.8	121.759	121.759
CRE_76	1532	1532	85480.3	55.7965	55.7965
CRE_77	1304	1304	257481	197.455	197.455
CRE_78	993	993	0	0	0
CRE_79	1214	1214	11617	9.56919	9.56919
CRE_80	989	989	11270.2	11.3956	11.3956
CRE_81	1811	1811	24100.9	13.3081	13.3081
CRE_82	1152	1152	0	0	0
CRE_83	319	319	0	0	0
CRE_84	1627	1627	13871	8.52553	8.52553
CRE_85	1155	1155	120505	104.333	104.333
CRE_86	714	714	0	0	0
CRE_87	954	954	108541	113.775	113.775
CRE_88	1341	1341	81839.1	61.0284	61.0284
CRE_89	667	667	13004.1	19.4964	19.4964
CRE_90	1028	1028	52016.4	50.5996	50.5996
CRE_91	1007	1007	0	0	0
CRE_92	201	201	21846.9	108.691	108.691
CRE_93	1552	1552	53056.7	34.186	34.186
CRE_94	1166	1166	0	0	0
CRE_95	540	540	15258.1	28.2558	28.2558
CRE_96	736	736	27395.3	37.2219	37.2219
CRE_97	1445	1445	66754.3	46.1968	46.1968
CRE_98	961	961	244130	254.038	254.038
CRE_99	1844	1844	57564.8	31.2174	31.2174
CRE_100	946	946	91028.7	96.2248	96.2248
CRE_101	224	224	0	0	0
CRE_102	300	300	0	0	0
CRE_103	1934	1934	29822.7	15.4202	15.4202
CRE_104	368	368	106980	290.707	290.707
CRE_105	1519	1519	118251	77.8477	77.8477
CRE_106	932	932	0	0	0
CRE_107	856	856	15778.3	18.4326	18.4326
CRE_108	1299	1299	7455.68	5.73956	5.73956
CRE_109	715	715	0	0	0
CRE_110	763	763	124839	163.616	163.616
CRE_111	1287	1287	82879.5	64.3974	64.3974
CRE_112	1291	1291	57911.6	44.8579	44.8579
CRE_113	713	713	182751	256.313	256.313
CRE_114	827	827	36238.1	43.8187	43.8187
CRE_115	217	217	92415.7	425.879	425.879
CRE_116	918	918	51149.5	55.7184	55.7184
CRE_117	1024	1024	0	0	0
CRE_118	728	728	227832	312.956	312.956
CRE_119	1489	1489	459825	308.814	308.814
CRE_120	1613	1613	80452	49.8773	49.8773
CRE_121	1421	1421	121892	85.7789	85.7789
CRE_122	1080	1080	44907.5	41.581	41.581
CRE_123	1496	1496	22540.4	15.0671	15.0671
CRE_124	225	225	0	0	0
CRE_125	1027	1027	41093	40.0126	40.0126
CRE_126	1783	1783	27395.3	15.3647	15.3647
CRE_127	1823	1823	409195	224.463	224.463
CRE_128	1366	1366	114436	83.7746	83.7746
CRE_129	1394	1394	69528.6	49.877	49.877
CRE_130	1873	1873	160731	85.8146	85.8146
CRE_131	290	290	23580.8	81.313	81.313
CRE_132	232	232	19592.8	84.4519	84.4519
CRE_133	458	458	156916	342.611	342.611
CRE_134	1023	1023	223844	218.811	218.811
CRE_135	1275	1275	52710	41.3411	41.3411
CRE_136	1309	1309	87907.7	67.1564	67.1564
CRE_137	1661	1661	55657.5	33.5085	33.5085
CRE_138	734	734	33290.5	45.3549	45.3549
Mb21d2_control	1000	1000	1.08021e+06	1080.21	1080.21
Fgf12_control	1000	1000	1.06703e+06	1067.03	1067.03
Wnt3_control	1000	1000	836249	836.249	836.249
Zic3_promoter	1000	1000	40746.2	40.7462	40.7462
Rnf12_promoter	1000	1000	71609.2	71.6092	71.6092
