name	size	covered	sum	mean0	mean 
CRE_1	1023	1023	542209	530.019	530.019
CRE_2	966	966	337367	349.242	349.242
CRE_3	703	703	34112	48.5235	48.5235
CRE_4	1453	1453	0	0	0
CRE_5	928	928	0	0	0
CRE_6	769	769	55261.4	71.8613	71.8613
CRE_7	1212	1212	0	0	0
CRE_8	979	979	112058	114.462	114.462
CRE_9	806	806	33259.2	41.2645	41.2645
CRE_10	1639	1639	0	0	0
CRE_11	304	304	168684	554.88	554.88
CRE_12	740	740	286882	387.678	387.678
CRE_13	1078	1078	0	0	0
CRE_14	231	231	0	0	0
CRE_15	1149	1149	0	0	0
CRE_16	243	243	0	0	0
CRE_17	1025	1025	0	0	0
CRE_18	885	885	198873	224.715	224.715
CRE_19	59	59	10063	170.56	170.56
CRE_20	1356	1356	81698.2	60.2494	60.2494
CRE_21	266	266	62936.5	236.603	236.603
CRE_22	1766	1766	447890	253.618	253.618
CRE_23	367	367	0	0	0
CRE_24	1349	1349	50144.6	37.1717	37.1717
CRE_25	1570	1570	102165	65.0734	65.0734
CRE_26	1137	1137	87326.6	76.8044	76.8044
CRE_27	1130	1130	59013.8	52.2246	52.2246
CRE_28	681	681	77945.9	114.458	114.458
CRE_29	1054	1054	2558.4	2.42732	2.42732
CRE_30	1268	1268	118198	93.216	93.216
CRE_31	1838	1838	65153.7	35.4482	35.4482
CRE_32	825	825	47415.7	57.4736	57.4736
CRE_33	658	658	0	0	0
CRE_34	707	707	61231	86.6068	86.6068
CRE_35	475	475	0	0	0
CRE_36	1607	1607	20296.6	12.6301	12.6301
CRE_37	874	874	0	0	0
CRE_38	1250	1250	227356	181.885	181.885
CRE_39	1432	1432	92614	64.6746	64.6746
CRE_40	368	368	32747.5	88.9878	88.9878
CRE_41	766	766	0	0	0
CRE_42	761	761	55602.4	73.065	73.065
CRE_43	1781	1781	46051.2	25.8569	25.8569
CRE_44	107	107	0	0	0
CRE_45	1087	1087	73511.4	67.6277	67.6277
CRE_46	1107	1107	0	0	0
CRE_47	514	514	79821.9	155.295	155.295
CRE_48	1430	1430	123485	86.3533	86.3533
CRE_49	782	782	126214	161.399	161.399
CRE_50	1162	1162	60378.2	51.9606	51.9606
CRE_51	1364	1364	433222	317.611	317.611
CRE_52	1378	1378	145658	105.702	105.702
CRE_53	954	954	23025.6	24.1358	24.1358
CRE_54	453	453	144805	319.658	319.658
CRE_55	1360	1360	587408	431.917	431.917
CRE_56	435	435	165102	379.544	379.544
CRE_57	1638	1638	5.29196e+06	3230.74	3230.74
CRE_58	673	673	197679	293.727	293.727
CRE_59	526	526	1.45778e+06	2771.44	2771.44
CRE_60	1484	1484	4.38253e+06	2953.19	2953.19
CRE_61	1209	1209	151969	125.698	125.698
CRE_62	693	693	74364.2	107.308	107.308
CRE_63	555	555	323893	583.591	583.591
CRE_64	806	806	120074	148.975	148.975
CRE_65	1139	1139	64812.7	56.9031	56.9031
CRE_66	832	832	67030.1	80.565	80.565
CRE_67	874	874	42128.3	48.2017	48.2017
CRE_68	928	928	369091	397.728	397.728
CRE_69	907	907	108476	119.599	119.599
CRE_70	966	966	155721	161.202	161.202
CRE_71	1376	1376	130478	94.8244	94.8244
CRE_72	565	565	1.09772e+06	1942.87	1942.87
CRE_73	357	357	29848	83.6078	83.6078
CRE_74	1131	1131	81015.9	71.6321	71.6321
CRE_75	403	403	0	0	0
CRE_76	1532	1532	12792	8.34987	8.34987
CRE_77	1304	1304	68053.3	52.1881	52.1881
CRE_78	993	993	0	0	0
CRE_79	1214	1214	0	0	0
CRE_80	989	989	0	0	0
CRE_81	1811	1811	0	0	0
CRE_82	1152	1152	0	0	0
CRE_83	319	319	0	0	0
CRE_84	1627	1627	44686.7	27.4657	27.4657
CRE_85	1155	1155	0	0	0
CRE_86	714	714	0	0	0
CRE_87	954	954	112058	117.461	117.461
CRE_88	1341	1341	0	0	0
CRE_89	667	667	42469.4	63.6723	63.6723
CRE_90	1028	1028	15862.1	15.43	15.43
CRE_91	1007	1007	35817.6	35.5686	35.5686
CRE_92	201	201	4264	21.2139	21.2139
CRE_93	1552	1552	67882.9	43.739	43.739
CRE_94	1166	1166	0	0	0
CRE_95	540	540	0	0	0
CRE_96	736	736	72829.1	98.9525	98.9525
CRE_97	1445	1445	58160.9	40.2498	40.2498
CRE_98	961	961	89373.3	93.0004	93.0004
CRE_99	1844	1844	180452	97.8591	97.8591
CRE_100	946	946	66006.7	69.7745	69.7745
CRE_101	224	224	0	0	0
CRE_102	300	300	90908.2	303.027	303.027
CRE_103	1934	1934	0	0	0
CRE_104	368	368	32918.1	89.4513	89.4513
CRE_105	1519	1519	218828	144.061	144.061
CRE_106	932	932	15521	16.6534	16.6534
CRE_107	856	856	0	0	0
CRE_108	1299	1299	0	0	0
CRE_109	715	715	0	0	0
CRE_110	763	763	104041	136.358	136.358
CRE_111	1287	1287	235884	183.282	183.282
CRE_112	1291	1291	157085	121.677	121.677
CRE_113	713	713	69929.5	98.0778	98.0778
CRE_114	827	827	20296.6	24.5425	24.5425
CRE_115	217	217	45198.3	208.287	208.287
CRE_116	918	918	0	0	0
CRE_117	1024	1024	62936.6	61.4615	61.4615
CRE_118	728	728	88691.1	121.828	121.828
CRE_119	1489	1489	214735	144.214	144.214
CRE_120	1613	1613	14327	8.88223	8.88223
CRE_121	1421	1421	8016.32	5.64132	5.64132
CRE_122	1080	1080	0	0	0
CRE_123	1496	1496	71805.6	47.9984	47.9984
CRE_124	225	225	0	0	0
CRE_125	1027	1027	0	0	0
CRE_126	1783	1783	32577	18.2709	18.2709
CRE_127	1823	1823	223604	122.657	122.657
CRE_128	1366	1366	72999.7	53.4405	53.4405
CRE_129	1394	1394	56455.4	40.4988	40.4988
CRE_130	1873	1873	105406	56.2766	56.2766
CRE_131	290	290	0	0	0
CRE_132	232	232	57990.3	249.958	249.958
CRE_133	458	458	302232	659.895	659.895
CRE_134	1023	1023	241001	235.582	235.582
CRE_135	1275	1275	12621.4	9.89917	9.89917
CRE_136	1309	1309	60207.7	45.9952	45.9952
CRE_137	1661	1661	0	0	0
CRE_138	734	734	0	0	0
Mb21d2_control	1000	1000	1.50929e+06	1509.29	1509.29
Fgf12_control	1000	1000	1.0034e+06	1003.4	1003.4
Wnt3_control	1000	1000	509291	509.291	509.291
Zic3_promoter	1000	1000	45539.5	45.5395	45.5395
Rnf12_promoter	1000	1000	0	0	0
