name	size	covered	sum	mean0	mean 
CRE_1	1023	1023	560404	547.804	547.804
CRE_2	966	966	214478	222.026	222.026
CRE_3	703	703	35583.8	50.617	50.617
CRE_4	1453	1453	81728.9	56.2484	56.2484
CRE_5	928	928	0	0	0
CRE_6	769	769	104639	136.072	136.072
CRE_7	1212	1212	7961.67	6.56903	6.56903
CRE_8	979	979	253798	259.243	259.243
CRE_9	806	806	0	0	0
CRE_10	1639	1639	10561.4	6.4438	6.4438
CRE_11	304	304	93102.8	306.259	306.259
CRE_12	740	740	93102.8	125.815	125.815
CRE_13	1078	1078	0	0	0
CRE_14	231	231	32334.1	139.975	139.975
CRE_15	1149	1149	0	0	0
CRE_16	243	243	0	0	0
CRE_17	1025	1025	74742.2	72.9192	72.9192
CRE_18	885	885	25672.3	29.0083	29.0083
CRE_19	59	59	0	0	0
CRE_20	1356	1356	74742.2	55.1196	55.1196
CRE_21	266	266	57356.5	215.626	215.626
CRE_22	1766	1766	141848	80.3214	80.3214
CRE_23	367	367	0	0	0
CRE_24	1349	1349	57519	42.6382	42.6382
CRE_25	1570	1570	59793.7	38.0852	38.0852
CRE_26	1137	1137	48257.5	42.4428	42.4428
CRE_27	1130	1130	13973.5	12.366	12.366
CRE_28	681	681	4712.01	6.91925	6.91925
CRE_29	1054	1054	0	0	0
CRE_30	1268	1268	0	0	0
CRE_31	1838	1838	4062.08	2.21005	2.21005
CRE_32	825	825	31196.7	37.8142	37.8142
CRE_33	658	658	0	0	0
CRE_34	707	707	0	0	0
CRE_35	475	475	37046.1	77.9918	77.9918
CRE_36	1607	1607	176782	110.007	110.007
CRE_37	874	874	59143.8	67.6703	67.6703
CRE_38	1250	1250	257211	205.768	205.768
CRE_39	1432	1432	75717.1	52.8751	52.8751
CRE_40	368	368	71655	194.715	194.715
CRE_41	766	766	0	0	0
CRE_42	761	761	75229.6	98.8563	98.8563
CRE_43	1781	1781	23397.6	13.1373	13.1373
CRE_44	107	107	0	0	0
CRE_45	1087	1087	31521.7	28.9988	28.9988
CRE_46	1107	1107	46470.1	41.9784	41.9784
CRE_47	514	514	27459.6	53.4234	53.4234
CRE_48	1430	1430	60118.7	42.0411	42.0411
CRE_49	782	782	54919.3	70.2292	70.2292
CRE_50	1162	1162	34121.4	29.3644	29.3644
CRE_51	1364	1364	381510	279.699	279.699
CRE_52	1378	1378	167195	121.332	121.332
CRE_53	954	954	0	0	0
CRE_54	453	453	93590.2	206.601	206.601
CRE_55	1360	1360	443091	325.802	325.802
CRE_56	435	435	236413	543.478	543.478
CRE_57	1638	1638	5.58194e+06	3407.78	3407.78
CRE_58	673	673	88390.8	131.338	131.338
CRE_59	526	526	1.10765e+06	2105.79	2105.79
CRE_60	1484	1484	4.38103e+06	2952.17	2952.17
CRE_61	1209	1209	276871	229.008	229.008
CRE_62	693	693	129499	186.867	186.867
CRE_63	555	555	146722	264.364	264.364
CRE_64	806	806	148184	183.852	183.852
CRE_65	1139	1139	76042	66.7621	66.7621
CRE_66	832	832	8124.15	9.7646	9.7646
CRE_67	874	874	0	0	0
CRE_68	928	928	435942	469.765	469.765
CRE_69	907	907	86603.4	95.4834	95.4834
CRE_70	966	966	40620.8	42.0505	42.0505
CRE_71	1376	1376	104314	75.8097	75.8097
CRE_72	565	565	1.19831e+06	2120.91	2120.91
CRE_73	357	357	0	0	0
CRE_74	1131	1131	78154.3	69.102	69.102
CRE_75	403	403	40620.8	100.796	100.796
CRE_76	1532	1532	30221.8	19.727	19.727
CRE_77	1304	1304	146885	112.642	112.642
CRE_78	993	993	39320.9	39.5981	39.5981
CRE_79	1214	1214	63855.8	52.5995	52.5995
CRE_80	989	989	0	0	0
CRE_81	1811	1811	59468.8	32.8375	32.8375
CRE_82	1152	1152	0	0	0
CRE_83	319	319	0	0	0
CRE_84	1627	1627	189943	116.744	116.744
CRE_85	1155	1155	183931	159.247	159.247
CRE_86	714	714	27134.7	38.0037	38.0037
CRE_87	954	954	209766	219.88	219.88
CRE_88	1341	1341	72304.9	53.9187	53.9187
CRE_89	667	667	23560	35.3224	35.3224
CRE_90	1028	1028	36558.7	35.5629	35.5629
CRE_91	1007	1007	14136	14.0378	14.0378
CRE_92	201	201	32171.6	160.058	160.058
CRE_93	1552	1552	6661.8	4.2924	4.2924
CRE_94	1166	1166	36721.2	31.4933	31.4933
CRE_95	540	540	40620.8	75.2236	75.2236
CRE_96	736	736	57843.9	78.5923	78.5923
CRE_97	1445	1445	0	0	0
CRE_98	961	961	66455.5	69.1525	69.1525
CRE_99	1844	1844	102039	55.3359	55.3359
CRE_100	946	946	72792.4	76.9476	76.9476
CRE_101	224	224	13323.6	59.4804	59.4804
CRE_102	300	300	33958.9	113.196	113.196
CRE_103	1934	1934	81404	42.091	42.091
CRE_104	368	368	169632	460.957	460.957
CRE_105	1519	1519	117313	77.2302	77.2302
CRE_106	932	932	6661.8	7.14786	7.14786
CRE_107	856	856	51344.6	59.982	59.982
CRE_108	1299	1299	0	0	0
CRE_109	715	715	0	0	0
CRE_110	763	763	266960	349.881	349.881
CRE_111	1287	1287	78154.3	60.726	60.726
CRE_112	1291	1291	303031	234.726	234.726
CRE_113	713	713	73767.3	103.46	103.46
CRE_114	827	827	121050	146.372	146.372
CRE_115	217	217	9911.46	45.6749	45.6749
CRE_116	918	918	27134.7	29.5585	29.5585
CRE_117	1024	1024	124137	121.228	121.228
CRE_118	728	728	194492	267.16	267.16
CRE_119	1489	1489	259648	174.377	174.377
CRE_120	1613	1613	49719.8	30.8244	30.8244
CRE_121	1421	1421	57681.5	40.5922	40.5922
CRE_122	1080	1080	25184.9	23.3193	23.3193
CRE_123	1496	1496	189943	126.967	126.967
CRE_124	225	225	0	0	0
CRE_125	1027	1027	12023.7	11.7076	11.7076
CRE_126	1783	1783	0	0	0
CRE_127	1823	1823	260785	143.053	143.053
CRE_128	1366	1366	51344.6	37.5876	37.5876
CRE_129	1394	1394	43220.5	31.0046	31.0046
CRE_130	1873	1873	156796	83.7139	83.7139
CRE_131	290	290	61256.1	211.228	211.228
CRE_132	232	232	47120.1	203.104	203.104
CRE_133	458	458	104964	229.179	229.179
CRE_134	1023	1023	179544	175.507	175.507
CRE_135	1275	1275	45170.3	35.4277	35.4277
CRE_136	1309	1309	83191.3	63.5533	63.5533
CRE_137	1661	1661	80104.1	48.2264	48.2264
CRE_138	734	734	72792.4	99.1722	99.1722
Mb21d2_control	1000	1000	1.50768e+06	1507.68	1507.68
Fgf12_control	1000	1000	1.04395e+06	1043.95	1043.95
Wnt3_control	1000	1000	1.34991e+06	1349.91	1349.91
Zic3_promoter	1000	1000	117963	117.963	117.963
Rnf12_promoter	1000	1000	34121.4	34.1214	34.1214
