name	size	covered	sum	mean0	mean 
CRE_1	1023	1023	193368	189.021	189.021
CRE_2	966	966	0	0	0
CRE_3	703	703	0	0	0
CRE_4	1453	1453	0	0	0
CRE_5	928	928	0	0	0
CRE_6	769	769	0	0	0
CRE_7	1212	1212	180862	149.226	149.226
CRE_8	979	979	403091	411.737	411.737
CRE_9	806	806	0	0	0
CRE_10	1639	1639	0	0	0
CRE_11	304	304	438686	1443.05	1443.05
CRE_12	740	740	310736	419.913	419.913
CRE_13	1078	1078	192406	178.484	178.484
CRE_14	231	231	0	0	0
CRE_15	1149	1149	0	0	0
CRE_16	243	243	0	0	0
CRE_17	1025	1025	0	0	0
CRE_18	885	885	61570	69.5706	69.5706
CRE_19	59	59	0	0	0
CRE_20	1356	1356	313622	231.285	231.285
CRE_21	266	266	0	0	0
CRE_22	1766	1766	0	0	0
CRE_23	367	367	0	0	0
CRE_24	1349	1349	357876	265.289	265.289
CRE_25	1570	1570	0	0	0
CRE_26	1137	1137	0	0	0
CRE_27	1130	1130	0	0	0
CRE_28	681	681	126026	185.06	185.06
CRE_29	1054	1054	0	0	0
CRE_30	1268	1268	0	0	0
CRE_31	1838	1838	111596	60.7158	60.7158
CRE_32	825	825	0	0	0
CRE_33	658	658	0	0	0
CRE_34	707	707	417521	590.553	590.553
CRE_35	475	475	0	0	0
CRE_36	1607	1607	0	0	0
CRE_37	874	874	200102	228.95	228.95
CRE_38	1250	1250	522383	417.906	417.906
CRE_39	1432	1432	0	0	0
CRE_40	368	368	115444	313.706	313.706
CRE_41	766	766	0	0	0
CRE_42	761	761	0	0	0
CRE_43	1781	1781	206837	116.135	116.135
CRE_44	107	107	0	0	0
CRE_45	1087	1087	148153	136.295	136.295
CRE_46	1107	1107	0	0	0
CRE_47	514	514	34633.1	67.3796	67.3796
CRE_48	1430	1430	0	0	0
CRE_49	782	782	0	0	0
CRE_50	1162	1162	0	0	0
CRE_51	1364	1364	25012.8	18.3378	18.3378
CRE_52	1378	1378	0	0	0
CRE_53	954	954	0	0	0
CRE_54	453	453	0	0	0
CRE_55	1360	1360	1.30163e+06	957.079	957.079
CRE_56	435	435	46177.5	106.155	106.155
CRE_57	1638	1638	5.65385e+06	3451.68	3451.68
CRE_58	673	673	31747	47.1724	47.1724
CRE_59	526	526	945676	1797.86	1797.86
CRE_60	1484	1484	5.74621e+06	3872.11	3872.11
CRE_61	1209	1209	770586	637.375	637.375
CRE_62	693	693	0	0	0
CRE_63	555	555	0	0	0
CRE_64	806	806	0	0	0
CRE_65	1139	1139	0	0	0
CRE_66	832	832	0	0	0
CRE_67	874	874	0	0	0
CRE_68	928	928	656105	707.01	707.01
CRE_69	907	907	142381	156.98	156.98
CRE_70	966	966	0	0	0
CRE_71	1376	1376	230887	167.796	167.796
CRE_72	565	565	440610	779.841	779.841
CRE_73	357	357	0	0	0
CRE_74	1131	1131	0	0	0
CRE_75	403	403	231849	575.309	575.309
CRE_76	1532	1532	561826	366.727	366.727
CRE_77	1304	1304	0	0	0
CRE_78	993	993	0	0	0
CRE_79	1214	1214	0	0	0
CRE_80	989	989	0	0	0
CRE_81	1811	1811	0	0	0
CRE_82	1152	1152	0	0	0
CRE_83	319	319	0	0	0
CRE_84	1627	1627	0	0	0
CRE_85	1155	1155	180862	156.59	156.59
CRE_86	714	714	0	0	0
CRE_87	954	954	0	0	0
CRE_88	1341	1341	0	0	0
CRE_89	667	667	0	0	0
CRE_90	1028	1028	76962.5	74.8662	74.8662
CRE_91	1007	1007	0	0	0
CRE_92	201	201	0	0	0
CRE_93	1552	1552	0	0	0
CRE_94	1166	1166	0	0	0
CRE_95	540	540	0	0	0
CRE_96	736	736	0	0	0
CRE_97	1445	1445	156811	108.52	108.52
CRE_98	961	961	0	0	0
CRE_99	1844	1844	30785	16.6947	16.6947
CRE_100	946	946	0	0	0
CRE_101	224	224	0	0	0
CRE_102	300	300	0	0	0
CRE_103	1934	1934	0	0	0
CRE_104	368	368	0	0	0
CRE_105	1519	1519	0	0	0
CRE_106	932	932	0	0	0
CRE_107	856	856	0	0	0
CRE_108	1299	1299	0	0	0
CRE_109	715	715	0	0	0
CRE_110	763	763	0	0	0
CRE_111	1287	1287	0	0	0
CRE_112	1291	1291	235698	182.57	182.57
CRE_113	713	713	0	0	0
CRE_114	827	827	0	0	0
CRE_115	217	217	0	0	0
CRE_116	918	918	0	0	0
CRE_117	1024	1024	0	0	0
CRE_118	728	728	223191	306.581	306.581
CRE_119	1489	1489	282837	189.951	189.951
CRE_120	1613	1613	0	0	0
CRE_121	1421	1421	0	0	0
CRE_122	1080	1080	0	0	0
CRE_123	1496	1496	62532	41.7995	41.7995
CRE_124	225	225	0	0	0
CRE_125	1027	1027	0	0	0
CRE_126	1783	1783	0	0	0
CRE_127	1823	1823	148153	81.2687	81.2687
CRE_128	1366	1366	109672	80.2866	80.2866
CRE_129	1394	1394	0	0	0
CRE_130	1873	1873	0	0	0
CRE_131	290	290	0	0	0
CRE_132	232	232	0	0	0
CRE_133	458	458	0	0	0
CRE_134	1023	1023	0	0	0
CRE_135	1275	1275	179900	141.098	141.098
CRE_136	1309	1309	0	0	0
CRE_137	1661	1661	0	0	0
CRE_138	734	734	0	0	0
Mb21d2_control	1000	1000	1.30547e+06	1305.47	1305.47
Fgf12_control	1000	1000	1.45074e+06	1450.74	1450.74
Wnt3_control	1000	1000	687851	687.851	687.851
Zic3_promoter	1000	1000	0	0	0
Rnf12_promoter	1000	1000	0	0	0
