name	size	covered	sum	mean0	mean 
CRE_1	1023	1023	620387	606.439	606.439
CRE_2	966	966	594086	614.996	614.996
CRE_3	703	703	105413	149.947	149.947
CRE_4	1453	1453	51539.8	35.4713	35.4713
CRE_5	928	928	0	0	0
CRE_6	769	769	72325.4	94.0513	94.0513
CRE_7	1212	1212	37541.3	30.9747	30.9747
CRE_8	979	979	17604.1	17.9818	17.9818
CRE_9	806	806	0	0	0
CRE_10	1639	1639	0	0	0
CRE_11	304	304	197251	648.852	648.852
CRE_12	740	740	342114	462.316	462.316
CRE_13	1078	1078	48358.3	44.8593	44.8593
CRE_14	231	231	27784.8	120.281	120.281
CRE_15	1149	1149	39450.2	34.3344	34.3344
CRE_16	243	243	0	0	0
CRE_17	1025	1025	87384.4	85.2531	85.2531
CRE_18	885	885	62993.1	71.1787	71.1787
CRE_19	59	59	0	0	0
CRE_20	1356	1356	120260	88.687	88.687
CRE_21	266	266	42207.5	158.675	158.675
CRE_22	1766	1766	295453	167.3	167.3
CRE_23	367	367	0	0	0
CRE_24	1349	1349	82081.9	60.8465	60.8465
CRE_25	1570	1570	11029.1	7.0249	7.0249
CRE_26	1137	1137	0	0	0
CRE_27	1130	1130	0	0	0
CRE_28	681	681	43055.9	63.2245	63.2245
CRE_29	1054	1054	0	0	0
CRE_30	1268	1268	0	0	0
CRE_31	1838	1838	2120.98	1.15396	1.15396
CRE_32	825	825	0	0	0
CRE_33	658	658	60660	92.1885	92.1885
CRE_34	707	707	159710	225.898	225.898
CRE_35	475	475	19725.1	41.5266	41.5266
CRE_36	1607	1607	136803	85.1296	85.1296
CRE_37	874	874	0	0	0
CRE_38	1250	1250	594723	475.778	475.778
CRE_39	1432	1432	49843	34.8066	34.8066
CRE_40	368	368	82294	223.625	223.625
CRE_41	766	766	0	0	0
CRE_42	761	761	76143.2	100.057	100.057
CRE_43	1781	1781	100534	56.4483	56.4483
CRE_44	107	107	0	0	0
CRE_45	1087	1087	72961.7	67.1221	67.1221
CRE_46	1107	1107	181344	163.816	163.816
CRE_47	514	514	118351	230.254	230.254
CRE_48	1430	1430	72961.7	51.0222	51.0222
CRE_49	782	782	277000	354.22	354.22
CRE_50	1162	1162	16543.6	14.2372	14.2372
CRE_51	1364	1364	195342	143.213	143.213
CRE_52	1378	1378	297786	216.1	216.1
CRE_53	954	954	47510	49.8008	49.8008
CRE_54	453	453	52812.4	116.584	116.584
CRE_55	1360	1360	496946	365.401	365.401
CRE_56	435	435	341478	785.007	785.007
CRE_57	1638	1638	4.05956e+06	2478.36	2478.36
CRE_58	673	673	177526	263.783	263.783
CRE_59	526	526	845211	1606.86	1606.86
CRE_60	1484	1484	2.32714e+06	1568.15	1568.15
CRE_61	1209	1209	296937	245.606	245.606
CRE_62	693	693	198100	285.858	285.858
CRE_63	555	555	120472	217.066	217.066
CRE_64	806	806	195766	242.886	242.886
CRE_65	1139	1139	36480.9	32.0288	32.0288
CRE_66	832	832	0	0	0
CRE_67	874	874	0	0	0
CRE_68	928	928	129380	139.418	139.418
CRE_69	907	907	58539	64.5414	64.5414
CRE_70	966	966	22482.4	23.2737	23.2737
CRE_71	1376	1376	423984	308.128	308.128
CRE_72	565	565	714346	1264.33	1264.33
CRE_73	357	357	9544.41	26.735	26.735
CRE_74	1131	1131	134046	118.52	118.52
CRE_75	403	403	39238.1	97.3651	97.3651
CRE_76	1532	1532	171163	111.725	111.725
CRE_77	1304	1304	286120	219.417	219.417
CRE_78	993	993	0	0	0
CRE_79	1214	1214	54721.3	45.0752	45.0752
CRE_80	989	989	38389.7	38.8167	38.8167
CRE_81	1811	1811	45813.2	25.2972	25.2972
CRE_82	1152	1152	0	0	0
CRE_83	319	319	0	0	0
CRE_84	1627	1627	67023	41.1942	41.1942
CRE_85	1155	1155	79748.8	69.0466	69.0466
CRE_86	714	714	0	0	0
CRE_87	954	954	83354.5	87.3737	87.3737
CRE_88	1341	1341	51115.6	38.1175	38.1175
CRE_89	667	667	107746	161.538	161.538
CRE_90	1028	1028	38813.9	37.7567	37.7567
CRE_91	1007	1007	0	0	0
CRE_92	201	201	0	0	0
CRE_93	1552	1552	93323.1	60.1309	60.1309
CRE_94	1166	1166	50691.4	43.4746	43.4746
CRE_95	540	540	17604.1	32.6002	32.6002
CRE_96	736	736	76567.4	104.032	104.032
CRE_97	1445	1445	223551	154.707	154.707
CRE_98	961	961	122381	127.347	127.347
CRE_99	1844	1844	115806	62.8013	62.8013
CRE_100	946	946	43268	45.7378	45.7378
CRE_101	224	224	37541.3	167.595	167.595
CRE_102	300	300	21421.9	71.4063	71.4063
CRE_103	1934	1934	47722.1	24.6753	24.6753
CRE_104	368	368	0	0	0
CRE_105	1519	1519	242428	159.597	159.597
CRE_106	932	932	144439	154.977	154.977
CRE_107	856	856	0	0	0
CRE_108	1299	1299	0	0	0
CRE_109	715	715	0	0	0
CRE_110	763	763	152498	199.867	199.867
CRE_111	1287	1287	264486	205.506	205.506
CRE_112	1291	1291	100959	78.2019	78.2019
CRE_113	713	713	0	0	0
CRE_114	827	827	15483.2	18.7221	18.7221
CRE_115	217	217	0	0	0
CRE_116	918	918	0	0	0
CRE_117	1024	1024	84839.2	82.8508	82.8508
CRE_118	728	728	73385.9	100.805	100.805
CRE_119	1489	1489	170527	114.524	114.524
CRE_120	1613	1613	82506.1	51.1507	51.1507
CRE_121	1421	1421	85687.6	60.3009	60.3009
CRE_122	1080	1080	0	0	0
CRE_123	1496	1496	88444.9	59.1209	59.1209
CRE_124	225	225	0	0	0
CRE_125	1027	1027	23755	23.1305	23.1305
CRE_126	1783	1783	19300.9	10.825	10.825
CRE_127	1823	1823	404895	222.104	222.104
CRE_128	1366	1366	346356	253.555	253.555
CRE_129	1394	1394	148893	106.81	106.81
CRE_130	1873	1873	278909	148.91	148.91
CRE_131	290	290	40298.6	138.961	138.961
CRE_132	232	232	0	0	0
CRE_133	458	458	42207.5	92.1561	92.1561
CRE_134	1023	1023	81445.6	79.6145	79.6145
CRE_135	1275	1275	22058.2	17.3005	17.3005
CRE_136	1309	1309	38389.7	29.3275	29.3275
CRE_137	1661	1661	11453.3	6.89542	6.89542
CRE_138	734	734	65326.2	89.0003	89.0003
Mb21d2_control	1000	1000	1.27832e+06	1278.32	1278.32
Fgf12_control	1000	1000	828242	828.242	828.242
Wnt3_control	1000	1000	1.15275e+06	1152.75	1152.75
Zic3_promoter	1000	1000	180708	180.708	180.708
Rnf12_promoter	1000	1000	0	0	0
