name	size	covered	sum	mean0	mean 
CRE_1	1023	1023	672975	657.845	657.845
CRE_2	966	966	201420	208.51	208.51
CRE_3	703	703	0	0	0
CRE_4	1453	1453	0	0	0
CRE_5	928	928	65880.8	70.9923	70.9923
CRE_6	769	769	49351.5	64.1762	64.1762
CRE_7	1212	1212	0	0	0
CRE_8	979	979	276746	282.683	282.683
CRE_9	806	806	0	0	0
CRE_10	1639	1639	39906.3	24.348	24.348
CRE_11	304	304	98230.8	323.128	323.128
CRE_12	740	740	349003	471.625	471.625
CRE_13	1078	1078	0	0	0
CRE_14	231	231	0	0	0
CRE_15	1149	1149	0	0	0
CRE_16	243	243	5667.17	23.3217	23.3217
CRE_17	1025	1025	18182.2	17.7387	17.7387
CRE_18	885	885	0	0	0
CRE_19	59	59	0	0	0
CRE_20	1356	1356	78868.1	58.1623	58.1623
CRE_21	266	266	85243.5	320.464	320.464
CRE_22	1766	1766	525393	297.505	297.505
CRE_23	367	367	0	0	0
CRE_24	1349	1349	222436	164.89	164.89
CRE_25	1570	1570	63283.4	40.3079	40.3079
CRE_26	1137	1137	12987.3	11.4224	11.4224
CRE_27	1130	1130	21015.7	18.598	18.598
CRE_28	681	681	7556.22	11.0958	11.0958
CRE_29	1054	1054	0	0	0
CRE_30	1268	1268	58088.5	45.8111	45.8111
CRE_31	1838	1838	0	0	0
CRE_32	825	825	0	0	0
CRE_33	658	658	149944	227.878	227.878
CRE_34	707	707	0	0	0
CRE_35	475	475	0	0	0
CRE_36	1607	1607	0	0	0
CRE_37	874	874	63519.5	72.6768	72.6768
CRE_38	1250	1250	131289	105.031	105.031
CRE_39	1432	1432	126094	88.0547	88.0547
CRE_40	368	368	0	0	0
CRE_41	766	766	0	0	0
CRE_42	761	761	0	0	0
CRE_43	1781	1781	0	0	0
CRE_44	107	107	8264.62	77.2394	77.2394
CRE_45	1087	1087	0	0	0
CRE_46	1107	1107	0	0	0
CRE_47	514	514	43684.4	84.9891	84.9891
CRE_48	1430	1430	17237.6	12.0543	12.0543
CRE_49	782	782	114524	146.45	146.45
CRE_50	1162	1162	62575	53.8511	53.8511
CRE_51	1364	1364	316889	232.323	232.323
CRE_52	1378	1378	0	0	0
CRE_53	954	954	67297.6	70.5426	70.5426
CRE_54	453	453	65644.7	144.911	144.911
CRE_55	1360	1360	1.26661e+06	931.331	931.331
CRE_56	435	435	363879	836.503	836.503
CRE_57	1638	1638	7.5803e+06	4627.77	4627.77
CRE_58	673	673	591273	878.564	878.564
CRE_59	526	526	1.25669e+06	2389.15	2389.15
CRE_60	1484	1484	3.70821e+06	2498.79	2498.79
CRE_61	1209	1209	225270	186.327	186.327
CRE_62	693	693	82646.2	119.259	119.259
CRE_63	555	555	473208	852.627	852.627
CRE_64	806	806	71311.9	88.4763	88.4763
CRE_65	1139	1139	72728.6	63.853	63.853
CRE_66	832	832	0	0	0
CRE_67	874	874	0	0	0
CRE_68	928	928	175210	188.804	188.804
CRE_69	907	907	214408	236.392	236.392
CRE_70	966	966	17946	18.5777	18.5777
CRE_71	1376	1376	117830	85.6322	85.6322
CRE_72	565	565	830711	1470.28	1470.28
CRE_73	357	357	82646	231.501	231.501
CRE_74	1131	1131	81701.7	72.2384	72.2384
CRE_75	403	403	0	0	0
CRE_76	1532	1532	129164	84.3107	84.3107
CRE_77	1304	1304	245105	187.964	187.964
CRE_78	993	993	0	0	0
CRE_79	1214	1214	0	0	0
CRE_80	989	989	0	0	0
CRE_81	1811	1811	74381.6	41.0721	41.0721
CRE_82	1152	1152	0	0	0
CRE_83	319	319	0	0	0
CRE_84	1627	1627	30933.3	19.0125	19.0125
CRE_85	1155	1155	217241	188.087	188.087
CRE_86	714	714	0	0	0
CRE_87	954	954	14404.1	15.0986	15.0986
CRE_88	1341	1341	0	0	0
CRE_89	667	667	83590.6	125.323	125.323
CRE_90	1028	1028	136012	132.307	132.307
CRE_91	1007	1007	13459.5	13.366	13.366
CRE_92	201	201	0	0	0
CRE_93	1552	1552	23849.3	15.3668	15.3668
CRE_94	1166	1166	0	0	0
CRE_95	540	540	7792.36	14.4303	14.4303
CRE_96	736	736	70131.2	95.287	95.287
CRE_97	1445	1445	99647.7	68.9603	68.9603
CRE_98	961	961	37781.1	39.3144	39.3144
CRE_99	1844	1844	114052	61.8502	61.8502
CRE_100	946	946	38489.5	40.6866	40.6866
CRE_101	224	224	0	0	0
CRE_102	300	300	40614.7	135.382	135.382
CRE_103	1934	1934	0	0	0
CRE_104	368	368	218658	594.179	594.179
CRE_105	1519	1519	180877	119.076	119.076
CRE_106	932	932	27627.4	29.6432	29.6432
CRE_107	856	856	15584.7	18.2064	18.2064
CRE_108	1299	1299	0	0	0
CRE_109	715	715	0	0	0
CRE_110	763	763	221964	290.909	290.909
CRE_111	1287	1287	219130	170.264	170.264
CRE_112	1291	1291	154902	119.986	119.986
CRE_113	713	713	185127	259.645	259.645
CRE_114	827	827	0	0	0
CRE_115	217	217	472.264	2.17633	2.17633
CRE_116	918	918	0	0	0
CRE_117	1024	1024	0	0	0
CRE_118	728	728	144749	198.831	198.831
CRE_119	1489	1489	219130	147.166	147.166
CRE_120	1613	1613	33530.7	20.7878	20.7878
CRE_121	1421	1421	216533	152.381	152.381
CRE_122	1080	1080	115705	107.134	107.134
CRE_123	1496	1496	46045.7	30.7792	30.7792
CRE_124	225	225	0	0	0
CRE_125	1027	1027	63047.2	61.3897	61.3897
CRE_126	1783	1783	59269.1	33.2412	33.2412
CRE_127	1823	1823	299415	164.243	164.243
CRE_128	1366	1366	342863	250.998	250.998
CRE_129	1394	1394	246049	176.506	176.506
CRE_130	1873	1873	338613	180.786	180.786
CRE_131	290	290	8500.75	29.3129	29.3129
CRE_132	232	232	0	0	0
CRE_133	458	458	161042	351.62	351.62
CRE_134	1023	1023	212519	207.741	207.741
CRE_135	1275	1275	50768.3	39.8183	39.8183
CRE_136	1309	1309	66589.2	50.8703	50.8703
CRE_137	1661	1661	0	0	0
CRE_138	734	734	54074.2	73.6706	73.6706
Mb21d2_control	1000	1000	1.93392e+06	1933.92	1933.92
Fgf12_control	1000	1000	1.01253e+06	1012.53	1012.53
Wnt3_control	1000	1000	787499	787.499	787.499
Zic3_promoter	1000	1000	43448.3	43.4483	43.4483
Rnf12_promoter	1000	1000	0	0	0
