name	size	covered	sum	mean0	mean 
CRE_1	1023	1023	202185	197.639	197.639
CRE_2	966	966	347443	359.672	359.672
CRE_3	703	703	56087.9	79.7837	79.7837
CRE_4	1453	1453	11083.2	7.62784	7.62784
CRE_5	928	928	0	0	0
CRE_6	769	769	102100	132.77	132.77
CRE_7	1212	1212	42317.8	34.9157	34.9157
CRE_8	979	979	78926.2	80.6192	80.6192
CRE_9	806	806	65491.9	81.2555	81.2555
CRE_10	1639	1639	0	0	0
CRE_11	304	304	348786	1147.32	1147.32
CRE_12	740	740	175401	237.028	237.028
CRE_13	1078	1078	9068.11	8.41198	8.41198
CRE_14	231	231	26868.5	116.314	116.314
CRE_15	1149	1149	29891.2	26.015	26.015
CRE_16	243	243	0	0	0
CRE_17	1025	1025	73720.4	71.9223	71.9223
CRE_18	885	885	38119.7	43.0731	43.0731
CRE_19	59	59	0	0	0
CRE_20	1356	1356	129808	95.7289	95.7289
CRE_21	266	266	26532.6	99.7467	99.7467
CRE_22	1766	1766	148448	84.0591	84.0591
CRE_23	367	367	0	0	0
CRE_24	1349	1349	120740	89.5035	89.5035
CRE_25	1570	1570	52729.4	33.5856	33.5856
CRE_26	1137	1137	86650.8	76.2101	76.2101
CRE_27	1130	1130	21326.9	18.8733	18.8733
CRE_28	681	681	0	0	0
CRE_29	1054	1054	0	0	0
CRE_30	1268	1268	68514.6	54.0336	54.0336
CRE_31	1838	1838	67339.1	36.6372	36.6372
CRE_32	825	825	0	0	0
CRE_33	658	658	34593.2	52.5732	52.5732
CRE_34	707	707	0	0	0
CRE_35	475	475	11419.1	24.0402	24.0402
CRE_36	1607	1607	0	0	0
CRE_37	874	874	7052.98	8.06977	8.06977
CRE_38	1250	1250	315201	252.161	252.161
CRE_39	1432	1432	43997.1	30.7243	30.7243
CRE_40	368	368	47355.7	128.684	128.684
CRE_41	766	766	43661.3	56.9991	56.9991
CRE_42	761	761	40134.8	52.7395	52.7395
CRE_43	1781	1781	28883.6	16.2176	16.2176
CRE_44	107	107	0	0	0
CRE_45	1087	1087	38623.4	35.5321	35.5321
CRE_46	1107	1107	8900.18	8.03991	8.03991
CRE_47	514	514	43157.5	83.964	83.964
CRE_48	1430	1430	45676.4	31.9415	31.9415
CRE_49	782	782	263143	336.5	336.5
CRE_50	1162	1162	34089.4	29.3368	29.3368
CRE_51	1364	1364	191270	140.227	140.227
CRE_52	1378	1378	108817	78.9676	78.9676
CRE_53	954	954	0	0	0
CRE_54	453	453	82788.5	182.756	182.756
CRE_55	1360	1360	580526	426.858	426.858
CRE_56	435	435	329642	757.798	757.798
CRE_57	1638	1638	3.40675e+06	2079.82	2079.82
CRE_58	673	673	88833.8	131.997	131.997
CRE_59	526	526	453237	861.668	861.668
CRE_60	1484	1484	2.09473e+06	1411.54	1411.54
CRE_61	1209	1209	239129	197.791	197.791
CRE_62	693	693	64148.5	92.5664	92.5664
CRE_63	555	555	84803.6	152.799	152.799
CRE_64	806	806	79597.9	98.7567	98.7567
CRE_65	1139	1139	40806.5	35.8266	35.8266
CRE_66	832	832	86818.8	104.349	104.349
CRE_67	874	874	0	0	0
CRE_68	928	928	421835	454.563	454.563
CRE_69	907	907	73552.5	81.0942	81.0942
CRE_70	966	966	59110.6	61.1911	61.1911
CRE_71	1376	1376	308651	224.311	224.311
CRE_72	565	565	293202	518.941	518.941
CRE_73	357	357	0	0	0
CRE_74	1131	1131	211421	186.933	186.933
CRE_75	403	403	59950.3	148.76	148.76
CRE_76	1532	1532	22502.4	14.6882	14.6882
CRE_77	1304	1304	55416.2	42.4971	42.4971
CRE_78	993	993	36272.4	36.5281	36.5281
CRE_79	1214	1214	58942.7	48.5525	48.5525
CRE_80	989	989	13434.2	13.5837	13.5837
CRE_81	1811	1811	0	0	0
CRE_82	1152	1152	46851.9	40.6701	40.6701
CRE_83	319	319	0	0	0
CRE_84	1627	1627	72041.1	44.2785	44.2785
CRE_85	1155	1155	81948.9	70.9514	70.9514
CRE_86	714	714	0	0	0
CRE_87	954	954	105123	110.192	110.192
CRE_88	1341	1341	279264	208.251	208.251
CRE_89	667	667	20823.1	31.219	31.219
CRE_90	1028	1028	67171.2	65.3416	65.3416
CRE_91	1007	1007	33921.5	33.6857	33.6857
CRE_92	201	201	0	0	0
CRE_93	1552	1552	180187	116.1	116.1
CRE_94	1166	1166	27204.3	23.3313	23.3313
CRE_95	540	540	23509.9	43.5369	43.5369
CRE_96	736	736	0	0	0
CRE_97	1445	1445	110329	76.352	76.352
CRE_98	961	961	214276	222.972	222.972
CRE_99	1844	1844	21494.8	11.6566	11.6566
CRE_100	946	946	36944.2	39.053	39.053
CRE_101	224	224	0	0	0
CRE_102	300	300	0	0	0
CRE_103	1934	1934	0	0	0
CRE_104	368	368	19311.7	52.4775	52.4775
CRE_105	1519	1519	228550	150.461	150.461
CRE_106	932	932	23174.1	24.8649	24.8649
CRE_107	856	856	18304.2	21.3834	21.3834
CRE_108	1299	1299	0	0	0
CRE_109	715	715	0	0	0
CRE_110	763	763	63644.7	83.4138	83.4138
CRE_111	1287	1287	68010.8	52.8445	52.8445
CRE_112	1291	1291	44836.8	34.7303	34.7303
CRE_113	713	713	122084	171.225	171.225
CRE_114	827	827	39966.8	48.3275	48.3275
CRE_115	217	217	0	0	0
CRE_116	918	918	56255.9	61.2809	61.2809
CRE_117	1024	1024	0	0	0
CRE_118	728	728	181866	249.816	249.816
CRE_119	1489	1489	191942	128.906	128.906
CRE_120	1613	1613	124938	77.4572	77.4572
CRE_121	1421	1421	87658.4	61.6878	61.6878
CRE_122	1080	1080	63980.5	59.2412	59.2412
CRE_123	1496	1496	0	0	0
CRE_124	225	225	0	0	0
CRE_125	1027	1027	76911	74.889	74.889
CRE_126	1783	1783	71873.2	40.3103	40.3103
CRE_127	1823	1823	221833	121.686	121.686
CRE_128	1366	1366	104787	76.7109	76.7109
CRE_129	1394	1394	64652.3	46.379	46.379
CRE_130	1873	1873	198323	105.885	105.885
CRE_131	290	290	8564.33	29.5322	29.5322
CRE_132	232	232	16121.1	69.4874	69.4874
CRE_133	458	458	129137	281.958	281.958
CRE_134	1023	1023	87826.3	85.8517	85.8517
CRE_135	1275	1275	0	0	0
CRE_136	1309	1309	81277.1	62.091	62.091
CRE_137	1661	1661	27372.3	16.4794	16.4794
CRE_138	734	734	42821.6	58.3401	58.3401
Mb21d2_control	1000	1000	1.42503e+06	1425.03	1425.03
Fgf12_control	1000	1000	788085	788.085	788.085
Wnt3_control	1000	1000	1.20891e+06	1208.91	1208.91
Zic3_promoter	1000	1000	69858	69.858	69.858
Rnf12_promoter	1000	1000	20319.3	20.3193	20.3193
