name	size	covered	sum	mean0	mean 
CRE_1	1023	1023	21726.9	21.2385	21.2385
CRE_2	966	966	289363	299.548	299.548
CRE_3	703	703	156039	221.961	221.961
CRE_4	1453	1453	470092	323.532	323.532
CRE_5	928	928	0	0	0
CRE_6	769	769	0	0	0
CRE_7	1212	1212	0	0	0
CRE_8	979	979	0	0	0
CRE_9	806	806	0	0	0
CRE_10	1639	1639	0	0	0
CRE_11	304	304	0	0	0
CRE_12	740	740	158014	213.533	213.533
CRE_13	1078	1078	215294	199.716	199.716
CRE_14	231	231	0	0	0
CRE_15	1149	1149	145175	126.349	126.349
CRE_16	243	243	0	0	0
CRE_17	1025	1025	0	0	0
CRE_18	885	885	0	0	0
CRE_19	59	59	0	0	0
CRE_20	1356	1356	0	0	0
CRE_21	266	266	0	0	0
CRE_22	1766	1766	0	0	0
CRE_23	367	367	199493	543.577	543.577
CRE_24	1349	1349	0	0	0
CRE_25	1570	1570	0	0	0
CRE_26	1137	1137	185667	163.295	163.295
CRE_27	1130	1130	0	0	0
CRE_28	681	681	57280.2	84.1119	84.1119
CRE_29	1054	1054	0	0	0
CRE_30	1268	1268	0	0	0
CRE_31	1838	1838	0	0	0
CRE_32	825	825	0	0	0
CRE_33	658	658	0	0	0
CRE_34	707	707	0	0	0
CRE_35	475	475	0	0	0
CRE_36	1607	1607	0	0	0
CRE_37	874	874	0	0	0
CRE_38	1250	1250	0	0	0
CRE_39	1432	1432	0	0	0
CRE_40	368	368	0	0	0
CRE_41	766	766	0	0	0
CRE_42	761	761	400961	526.887	526.887
CRE_43	1781	1781	357508	200.734	200.734
CRE_44	107	107	0	0	0
CRE_45	1087	1087	0	0	0
CRE_46	1107	1107	206406	186.455	186.455
CRE_47	514	514	0	0	0
CRE_48	1430	1430	286401	200.28	200.28
CRE_49	782	782	350594	448.33	448.33
CRE_50	1162	1162	0	0	0
CRE_51	1364	1364	517496	379.396	379.396
CRE_52	1378	1378	0	0	0
CRE_53	954	954	0	0	0
CRE_54	453	453	385159	850.242	850.242
CRE_55	1360	1360	1.05771e+06	777.727	777.727
CRE_56	435	435	193567	444.982	444.982
CRE_57	1638	1638	7.14718e+06	4363.36	4363.36
CRE_58	673	673	220232	327.239	327.239
CRE_59	526	526	340718	647.753	647.753
CRE_60	1484	1484	4.76511e+06	3210.99	3210.99
CRE_61	1209	1209	58267.7	48.1949	48.1949
CRE_62	693	693	69131.2	99.7564	99.7564
CRE_63	555	555	0	0	0
CRE_64	806	806	125424	155.613	155.613
CRE_65	1139	1139	0	0	0
CRE_66	832	832	360470	433.257	433.257
CRE_67	874	874	0	0	0
CRE_68	928	928	291338	313.942	313.942
CRE_69	907	907	0	0	0
CRE_70	966	966	93820.9	97.123	97.123
CRE_71	1376	1376	0	0	0
CRE_72	565	565	691313	1223.56	1223.56
CRE_73	357	357	0	0	0
CRE_74	1131	1131	0	0	0
CRE_75	403	403	0	0	0
CRE_76	1532	1532	134312	87.671	87.671
CRE_77	1304	1304	0	0	0
CRE_78	993	993	0	0	0
CRE_79	1214	1214	0	0	0
CRE_80	989	989	0	0	0
CRE_81	1811	1811	0	0	0
CRE_82	1152	1152	0	0	0
CRE_83	319	319	0	0	0
CRE_84	1627	1627	0	0	0
CRE_85	1155	1155	0	0	0
CRE_86	714	714	0	0	0
CRE_87	954	954	0	0	0
CRE_88	1341	1341	0	0	0
CRE_89	667	667	329855	494.535	494.535
CRE_90	1028	1028	0	0	0
CRE_91	1007	1007	229120	227.528	227.528
CRE_92	201	201	89870.5	447.117	447.117
CRE_93	1552	1552	0	0	0
CRE_94	1166	1166	0	0	0
CRE_95	540	540	0	0	0
CRE_96	736	736	0	0	0
CRE_97	1445	1445	217269	150.359	150.359
CRE_98	961	961	0	0	0
CRE_99	1844	1844	0	0	0
CRE_100	946	946	0	0	0
CRE_101	224	224	0	0	0
CRE_102	300	300	0	0	0
CRE_103	1934	1934	0	0	0
CRE_104	368	368	0	0	0
CRE_105	1519	1519	0	0	0
CRE_106	932	932	0	0	0
CRE_107	856	856	0	0	0
CRE_108	1299	1299	0	0	0
CRE_109	715	715	0	0	0
CRE_110	763	763	0	0	0
CRE_111	1287	1287	0	0	0
CRE_112	1291	1291	303190	234.849	234.849
CRE_113	713	713	74069.1	103.884	103.884
CRE_114	827	827	222207	268.691	268.691
CRE_115	217	217	0	0	0
CRE_116	918	918	0	0	0
CRE_117	1024	1024	0	0	0
CRE_118	728	728	0	0	0
CRE_119	1489	1489	0	0	0
CRE_120	1613	1613	286401	177.558	177.558
CRE_121	1421	1421	95796	67.4145	67.4145
CRE_122	1080	1080	0	0	0
CRE_123	1496	1496	0	0	0
CRE_124	225	225	0	0	0
CRE_125	1027	1027	181716	176.939	176.939
CRE_126	1783	1783	0	0	0
CRE_127	1823	1823	0	0	0
CRE_128	1366	1366	198505	145.319	145.319
CRE_129	1394	1394	330842	237.333	237.333
CRE_130	1873	1873	0	0	0
CRE_131	290	290	149126	514.227	514.227
CRE_132	232	232	0	0	0
CRE_133	458	458	61230.5	133.691	133.691
CRE_134	1023	1023	269612	263.55	263.55
CRE_135	1275	1275	0	0	0
CRE_136	1309	1309	0	0	0
CRE_137	1661	1661	0	0	0
CRE_138	734	734	0	0	0
Mb21d2_control	1000	1000	1.73816e+06	1738.16	1738.16
Fgf12_control	1000	1000	870066	870.066	870.066
Wnt3_control	1000	1000	931297	931.297	931.297
Zic3_promoter	1000	1000	68143.6	68.1436	68.1436
Rnf12_promoter	1000	1000	28640.1	28.6401	28.6401
