name	size	covered	sum	mean0	mean 
CRE_1	1023	1023	258853	253.033	253.033
CRE_2	966	966	341147	353.154	353.154
CRE_3	703	703	0	0	0
CRE_4	1453	1453	0	0	0
CRE_5	928	928	105486	113.67	113.67
CRE_6	769	769	0	0	0
CRE_7	1212	1212	0	0	0
CRE_8	979	979	0	0	0
CRE_9	806	806	0	0	0
CRE_10	1639	1639	0	0	0
CRE_11	304	304	92019.9	302.697	302.697
CRE_12	740	740	56109.7	75.8239	75.8239
CRE_13	1078	1078	0	0	0
CRE_14	231	231	0	0	0
CRE_15	1149	1149	0	0	0
CRE_16	243	243	0	0	0
CRE_17	1025	1025	172070	167.873	167.873
CRE_18	885	885	62842.8	71.0089	71.0089
CRE_19	59	59	0	0	0
CRE_20	1356	1356	6733.16	4.96546	4.96546
CRE_21	266	266	0	0	0
CRE_22	1766	1766	0	0	0
CRE_23	367	367	0	0	0
CRE_24	1349	1349	0	0	0
CRE_25	1570	1570	0	0	0
CRE_26	1137	1137	0	0	0
CRE_27	1130	1130	0	0	0
CRE_28	681	681	118953	174.673	174.673
CRE_29	1054	1054	0	0	0
CRE_30	1268	1268	0	0	0
CRE_31	1838	1838	0	0	0
CRE_32	825	825	0	0	0
CRE_33	658	658	0	0	0
CRE_34	707	707	0	0	0
CRE_35	475	475	0	0	0
CRE_36	1607	1607	0	0	0
CRE_37	874	874	0	0	0
CRE_38	1250	1250	120449	96.359	96.359
CRE_39	1432	1432	8229.42	5.7468	5.7468
CRE_40	368	368	0	0	0
CRE_41	766	766	0	0	0
CRE_42	761	761	260349	342.115	342.115
CRE_43	1781	1781	0	0	0
CRE_44	107	107	0	0	0
CRE_45	1087	1087	0	0	0
CRE_46	1107	1107	0	0	0
CRE_47	514	514	0	0	0
CRE_48	1430	1430	0	0	0
CRE_49	782	782	0	0	0
CRE_50	1162	1162	0	0	0
CRE_51	1364	1364	439900	322.507	322.507
CRE_52	1378	1378	92768	67.3208	67.3208
CRE_53	954	954	0	0	0
CRE_54	453	453	0	0	0
CRE_55	1360	1360	290274	213.437	213.437
CRE_56	435	435	386035	887.437	887.437
CRE_57	1638	1638	2.23317e+06	1363.35	1363.35
CRE_58	673	673	0	0	0
CRE_59	526	526	154115	292.993	292.993
CRE_60	1484	1484	760100	512.197	512.197
CRE_61	1209	1209	0	0	0
CRE_62	693	693	374065	539.776	539.776
CRE_63	555	555	0	0	0
CRE_64	806	806	0	0	0
CRE_65	1139	1139	0	0	0
CRE_66	832	832	0	0	0
CRE_67	874	874	0	0	0
CRE_68	928	928	311970	336.174	336.174
CRE_69	907	907	395013	435.515	435.515
CRE_70	966	966	0	0	0
CRE_71	1376	1376	32169.5	23.379	23.379
CRE_72	565	565	918704	1626.02	1626.02
CRE_73	357	357	45635.9	127.832	127.832
CRE_74	1131	1131	0	0	0
CRE_75	403	403	0	0	0
CRE_76	1532	1532	0	0	0
CRE_77	1304	1304	222194	170.394	170.394
CRE_78	993	993	0	0	0
CRE_79	1214	1214	0	0	0
CRE_80	989	989	0	0	0
CRE_81	1811	1811	0	0	0
CRE_82	1152	1152	0	0	0
CRE_83	319	319	112219	351.785	351.785
CRE_84	1627	1627	0	0	0
CRE_85	1155	1155	92019.9	79.6709	79.6709
CRE_86	714	714	0	0	0
CRE_87	954	954	0	0	0
CRE_88	1341	1341	0	0	0
CRE_89	667	667	0	0	0
CRE_90	1028	1028	0	0	0
CRE_91	1007	1007	0	0	0
CRE_92	201	201	0	0	0
CRE_93	1552	1552	317955	204.868	204.868
CRE_94	1166	1166	0	0	0
CRE_95	540	540	0	0	0
CRE_96	736	736	0	0	0
CRE_97	1445	1445	54613.4	37.7948	37.7948
CRE_98	961	961	0	0	0
CRE_99	1844	1844	25436.4	13.7941	13.7941
CRE_100	946	946	179551	189.8	189.8
CRE_101	224	224	28428.9	126.915	126.915
CRE_102	300	300	0	0	0
CRE_103	1934	1934	0	0	0
CRE_104	368	368	0	0	0
CRE_105	1519	1519	147381	97.0253	97.0253
CRE_106	932	932	115960	124.421	124.421
CRE_107	856	856	0	0	0
CRE_108	1299	1299	161596	124.4	124.4
CRE_109	715	715	0	0	0
CRE_110	763	763	246134	322.588	322.588
CRE_111	1287	1287	322444	250.539	250.539
CRE_112	1291	1291	0	0	0
CRE_113	713	713	185536	260.219	260.219
CRE_114	827	827	0	0	0
CRE_115	217	217	0	0	0
CRE_116	918	918	0	0	0
CRE_117	1024	1024	0	0	0
CRE_118	728	728	171322	235.332	235.332
CRE_119	1489	1489	294763	197.96	197.96
CRE_120	1613	1613	127182	78.8481	78.8481
CRE_121	1421	1421	175062	123.196	123.196
CRE_122	1080	1080	0	0	0
CRE_123	1496	1496	0	0	0
CRE_124	225	225	0	0	0
CRE_125	1027	1027	0	0	0
CRE_126	1783	1783	0	0	0
CRE_127	1823	1823	0	0	0
CRE_128	1366	1366	47880.3	35.0514	35.0514
CRE_129	1394	1394	143641	103.042	103.042
CRE_130	1873	1873	56109.7	29.9571	29.9571
CRE_131	290	290	113716	392.123	392.123
CRE_132	232	232	0	0	0
CRE_133	458	458	5985.03	13.0678	13.0678
CRE_134	1023	1023	152618	149.187	149.187
CRE_135	1275	1275	0	0	0
CRE_136	1309	1309	0	0	0
CRE_137	1661	1661	121197	72.9662	72.9662
CRE_138	734	734	0	0	0
Mb21d2_control	1000	1000	2.15012e+06	2150.12	2150.12
Fgf12_control	1000	1000	770573	770.573	770.573
Wnt3_control	1000	1000	1.08928e+06	1089.28	1089.28
Zic3_promoter	1000	1000	113716	113.716	113.716
Rnf12_promoter	1000	1000	0	0	0
