name	size	covered	sum	mean0	mean 
CRE_1	1023	1023	484232	473.345	473.345
CRE_2	966	966	302271	312.91	312.91
CRE_3	703	703	23251.5	33.0747	33.0747
CRE_4	1453	1453	0	0	0
CRE_5	928	928	0	0	0
CRE_6	769	769	41923.2	54.5165	54.5165
CRE_7	1212	1212	54782	45.1997	45.1997
CRE_8	979	979	231283	236.244	236.244
CRE_9	806	806	0	0	0
CRE_10	1639	1639	100404	61.2596	61.2596
CRE_11	304	304	10040.4	33.0277	33.0277
CRE_12	740	740	161528	218.281	218.281
CRE_13	1078	1078	0	0	0
CRE_14	231	231	35229.6	152.509	152.509
CRE_15	1149	1149	26774.5	23.3024	23.3024
CRE_16	243	243	20609.3	84.812	84.812
CRE_17	1025	1025	91420.9	89.1911	89.1911
CRE_18	885	885	47207.7	53.342	53.342
CRE_19	59	59	0	0	0
CRE_20	1356	1356	254006	187.32	187.32
CRE_21	266	266	44917.8	168.864	168.864
CRE_22	1766	1766	324641	183.828	183.828
CRE_23	367	367	0	0	0
CRE_24	1349	1349	82437.3	61.1099	61.1099
CRE_25	1570	1570	75391.4	48.02	48.02
CRE_26	1137	1137	120838	106.278	106.278
CRE_27	1130	1130	125065	110.677	110.677
CRE_28	681	681	137924	202.532	202.532
CRE_29	1054	1054	0	0	0
CRE_30	1268	1268	11273.5	8.89075	8.89075
CRE_31	1838	1838	51259.1	27.8885	27.8885
CRE_32	825	825	36462.6	44.1971	44.1971
CRE_33	658	658	0	0	0
CRE_34	707	707	30121.3	42.6044	42.6044
CRE_35	475	475	37343.4	78.6176	78.6176
CRE_36	1607	1607	268274	166.941	166.941
CRE_37	874	874	0	0	0
CRE_38	1250	1250	354058	283.247	283.247
CRE_39	1432	1432	37871.8	26.4468	26.4468
CRE_40	368	368	18495.6	50.2597	50.2597
CRE_41	766	766	26069.9	34.0338	34.0338
CRE_42	761	761	67817.2	89.1158	89.1158
CRE_43	1781	1781	27126.9	15.2313	15.2313
CRE_44	107	107	0	0	0
CRE_45	1087	1087	26422.2	24.3075	24.3075
CRE_46	1107	1107	56719.8	51.2374	51.2374
CRE_47	514	514	30649.8	59.6299	59.6299
CRE_48	1430	1430	72220.7	50.504	50.504
CRE_49	782	782	165403	211.513	211.513
CRE_50	1162	1162	74686.8	64.2744	64.2744
CRE_51	1364	1364	671125	492.027	492.027
CRE_52	1378	1378	161880	117.475	117.475
CRE_53	954	954	75039.2	78.6575	78.6575
CRE_54	453	453	67288.7	148.54	148.54
CRE_55	1360	1360	462037	339.733	339.733
CRE_56	435	435	368326	846.727	846.727
CRE_57	1638	1638	6.40599e+06	3910.86	3910.86
CRE_58	673	673	166636	247.602	247.602
CRE_59	526	526	736301	1399.81	1399.81
CRE_60	1484	1484	4.2804e+06	2884.37	2884.37
CRE_61	1209	1209	159942	132.293	132.293
CRE_62	693	693	310726	448.378	448.378
CRE_63	555	555	181785	327.541	327.541
CRE_64	806	806	105865	131.346	131.346
CRE_65	1139	1139	0	0	0
CRE_66	832	832	96529.4	116.021	116.021
CRE_67	874	874	0	0	0
CRE_68	928	928	224413	241.824	241.824
CRE_69	907	907	43156.3	47.5813	47.5813
CRE_70	966	966	20785.5	21.517	21.517
CRE_71	1376	1376	96353.1	70.024	70.024
CRE_72	565	565	952963	1686.66	1686.66
CRE_73	357	357	39457.2	110.524	110.524
CRE_74	1131	1131	71163.9	62.9212	62.9212
CRE_75	403	403	41042.5	101.842	101.842
CRE_76	1532	1532	172625	112.68	112.68
CRE_77	1304	1304	110797	84.9671	84.9671
CRE_78	993	993	0	0	0
CRE_79	1214	1214	0	0	0
CRE_80	989	989	0	0	0
CRE_81	1811	1811	0	0	0
CRE_82	1152	1152	0	0	0
CRE_83	319	319	0	0	0
CRE_84	1627	1627	0	0	0
CRE_85	1155	1155	30121.3	26.0791	26.0791
CRE_86	714	714	0	0	0
CRE_87	954	954	0	0	0
CRE_88	1341	1341	166460	124.131	124.131
CRE_89	667	667	89307.2	133.894	133.894
CRE_90	1028	1028	63413.3	61.6861	61.6861
CRE_91	1007	1007	62884.9	62.4478	62.4478
CRE_92	201	201	0	0	0
CRE_93	1552	1552	9335.84	6.01536	6.01536
CRE_94	1166	1166	0	0	0
CRE_95	540	540	0	0	0
CRE_96	736	736	31706.7	43.0797	43.0797
CRE_97	1445	1445	156244	108.127	108.127
CRE_98	961	961	61828	64.3371	64.3371
CRE_99	1844	1844	217367	117.878	117.878
CRE_100	946	946	11097.3	11.7308	11.7308
CRE_101	224	224	0	0	0
CRE_102	300	300	0	0	0
CRE_103	1934	1934	0	0	0
CRE_104	368	368	85079.7	231.195	231.195
CRE_105	1519	1519	169454	111.557	111.557
CRE_106	932	932	58128.8	62.37	62.37
CRE_107	856	856	0	0	0
CRE_108	1299	1299	30649.8	23.5949	23.5949
CRE_109	715	715	7222.07	10.1008	10.1008
CRE_110	763	763	150607	197.388	197.388
CRE_111	1287	1287	165756	128.792	128.792
CRE_112	1291	1291	140919	109.155	109.155
CRE_113	713	713	149198	209.253	209.253
CRE_114	827	827	7750.51	9.37184	9.37184
CRE_115	217	217	45798.5	211.053	211.053
CRE_116	918	918	51259.1	55.8378	55.8378
CRE_117	1024	1024	27126.8	26.491	26.491
CRE_118	728	728	125770	172.761	172.761
CRE_119	1489	1489	237272	159.35	159.35
CRE_120	1613	1613	73806	45.757	45.757
CRE_121	1421	1421	0	0	0
CRE_122	1080	1080	10921.2	10.1122	10.1122
CRE_123	1496	1496	29064.5	19.4281	19.4281
CRE_124	225	225	0	0	0
CRE_125	1027	1027	9159.7	8.91889	8.91889
CRE_126	1783	1783	70107	39.3197	39.3197
CRE_127	1823	1823	276377	151.605	151.605
CRE_128	1366	1366	231459	169.443	169.443
CRE_129	1394	1394	15148.7	10.8671	10.8671
CRE_130	1873	1873	183899	98.1841	98.1841
CRE_131	290	290	107627	371.126	371.126
CRE_132	232	232	0	0	0
CRE_133	458	458	190064	414.987	414.987
CRE_134	1023	1023	192178	187.857	187.857
CRE_135	1275	1275	142856	112.044	112.044
CRE_136	1309	1309	81028.1	61.9008	61.9008
CRE_137	1661	1661	28183.7	16.9679	16.9679
CRE_138	734	734	21490.1	29.278	29.278
Mb21d2_control	1000	1000	1.90082e+06	1900.82	1900.82
Fgf12_control	1000	1000	741057	741.057	741.057
Wnt3_control	1000	1000	692439	692.439	692.439
Zic3_promoter	1000	1000	264046	264.046	264.046
Rnf12_promoter	1000	1000	0	0	0
