chr	start	end	SC106_D12	SC106_E6	SC02_A3_con
chr1	1	195471971	719449	792840	718088
chr2	1	182113224	687881	759200	690947
chr3	1	160039680	541875	596297	538678
chr4	1	156508116	557404	615825	564321
chr5	1	151834684	557396	618263	562922
chr6	1	149736546	527812	582345	532444
chr7	1	145441459	508157	566932	519722
chr8	1	129401213	470957	523307	484343
chr9	1	124595110	484923	535077	488521
chr10	1	130694993	467604	513270	467073
chr11	1	122082543	497824	553766	505576
chr12	1	120129022	414624	456172	417444
chr13	1	120421639	432253	473861	429677
chr14	1	124902244	412795	454319	413440
chr15	1	104043685	385115	422088	386337
chr16	1	98207768	348748	384623	349848
chr17	1	94987271	353034	390895	357807
chr18	1	90702639	327516	358932	327887
chr19	1	61431566	230083	254511	232304
chrX	1	171031299	465369	505939	451102
