name	size	covered	sum	mean0	mean 
CRE_1	1023	1023	267188	261.181	261.181
CRE_2	966	966	186236	192.791	192.791
CRE_3	703	703	0	0	0
CRE_4	1453	1453	0	0	0
CRE_5	928	928	0	0	0
CRE_6	769	769	0	0	0
CRE_7	1212	1212	0	0	0
CRE_8	979	979	0	0	0
CRE_9	806	806	0	0	0
CRE_10	1639	1639	0	0	0
CRE_11	304	304	44219.4	145.459	145.459
CRE_12	740	740	0	0	0
CRE_13	1078	1078	0	0	0
CRE_14	231	231	0	0	0
CRE_15	1149	1149	0	0	0
CRE_16	243	243	0	0	0
CRE_17	1025	1025	0	0	0
CRE_18	885	885	19887	22.4712	22.4712
CRE_19	59	59	0	0	0
CRE_20	1356	1356	124001	91.4465	91.4465
CRE_21	266	266	68317.8	256.834	256.834
CRE_22	1766	1766	0	0	0
CRE_23	367	367	0	0	0
CRE_24	1349	1349	13803.9	10.2327	10.2327
CRE_25	1570	1570	0	0	0
CRE_26	1137	1137	0	0	0
CRE_27	1130	1130	0	0	0
CRE_28	681	681	29011.7	42.6016	42.6016
CRE_29	1054	1054	13803.9	13.0967	13.0967
CRE_30	1268	1268	87736.9	69.1931	69.1931
CRE_31	1838	1838	0	0	0
CRE_32	825	825	0	0	0
CRE_33	658	658	0	0	0
CRE_34	707	707	0	0	0
CRE_35	475	475	0	0	0
CRE_36	1607	1607	0	0	0
CRE_37	874	874	0	0	0
CRE_38	1250	1250	54045.9	43.2367	43.2367
CRE_39	1432	1432	0	0	0
CRE_40	368	368	0	0	0
CRE_41	766	766	0	0	0
CRE_42	761	761	0	0	0
CRE_43	1781	1781	0	0	0
CRE_44	107	107	0	0	0
CRE_45	1087	1087	0	0	0
CRE_46	1107	1107	0	0	0
CRE_47	514	514	0	0	0
CRE_48	1430	1430	0	0	0
CRE_49	782	782	0	0	0
CRE_50	1162	1162	61064.9	52.5515	52.5515
CRE_51	1364	1364	637321	467.244	467.244
CRE_52	1378	1378	421137	305.615	305.615
CRE_53	954	954	37434.4	39.2394	39.2394
CRE_54	453	453	44687.3	98.6475	98.6475
CRE_55	1360	1360	531568	390.859	390.859
CRE_56	435	435	367092	843.889	843.889
CRE_57	1638	1638	1.71005e+06	1043.99	1043.99
CRE_58	673	673	118854	176.604	176.604
CRE_59	526	526	354925	674.763	674.763
CRE_60	1484	1484	57789.4	38.9416	38.9416
CRE_61	1209	1209	0	0	0
CRE_62	693	693	0	0	0
CRE_63	555	555	0	0	0
CRE_64	806	806	37668.4	46.7349	46.7349
CRE_65	1139	1139	0	0	0
CRE_66	832	832	0	0	0
CRE_67	874	874	0	0	0
CRE_68	928	928	47728.9	51.432	51.432
CRE_69	907	907	38136.3	42.0466	42.0466
CRE_70	966	966	28309.8	29.3062	29.3062
CRE_71	1376	1376	0	0	0
CRE_72	565	565	59427.1	105.181	105.181
CRE_73	357	357	0	0	0
CRE_74	1131	1131	0	0	0
CRE_75	403	403	0	0	0
CRE_76	1532	1532	36966.5	24.1295	24.1295
CRE_77	1304	1304	54279.9	41.6257	41.6257
CRE_78	993	993	46325.1	46.6516	46.6516
CRE_79	1214	1214	0	0	0
CRE_80	989	989	0	0	0
CRE_81	1811	1811	0	0	0
CRE_82	1152	1152	95457.7	82.8626	82.8626
CRE_83	319	319	95925.6	300.707	300.707
CRE_84	1627	1627	0	0	0
CRE_85	1155	1155	0	0	0
CRE_86	714	714	0	0	0
CRE_87	954	954	0	0	0
CRE_88	1341	1341	0	0	0
CRE_89	667	667	0	0	0
CRE_90	1028	1028	49132.6	47.7944	47.7944
CRE_91	1007	1007	0	0	0
CRE_92	201	201	0	0	0
CRE_93	1552	1552	45623.2	29.3964	29.3964
CRE_94	1166	1166	0	0	0
CRE_95	540	540	0	0	0
CRE_96	736	736	15675.7	21.2984	21.2984
CRE_97	1445	1445	0	0	0
CRE_98	961	961	0	0	0
CRE_99	1844	1844	93586	50.7516	50.7516
CRE_100	946	946	0	0	0
CRE_101	224	224	0	0	0
CRE_102	300	300	0	0	0
CRE_103	1934	1934	0	0	0
CRE_104	368	368	12400.1	33.696	33.696
CRE_105	1519	1519	170327	112.131	112.131
CRE_106	932	932	0	0	0
CRE_107	856	856	0	0	0
CRE_108	1299	1299	0	0	0
CRE_109	715	715	0	0	0
CRE_110	763	763	0	0	0
CRE_111	1287	1287	66446.1	51.6286	51.6286
CRE_112	1291	1291	30883.4	23.9221	23.9221
CRE_113	713	713	0	0	0
CRE_114	827	827	0	0	0
CRE_115	217	217	0	0	0
CRE_116	918	918	0	0	0
CRE_117	1024	1024	0	0	0
CRE_118	728	728	0	0	0
CRE_119	1489	1489	48664.7	32.6828	32.6828
CRE_120	1613	1613	36966.5	22.9178	22.9178
CRE_121	1421	1421	56385.6	39.6802	39.6802
CRE_122	1080	1080	0	0	0
CRE_123	1496	1496	34158.9	22.8335	22.8335
CRE_124	225	225	0	0	0
CRE_125	1027	1027	38838.2	37.8171	37.8171
CRE_126	1783	1783	0	0	0
CRE_127	1823	1823	74400.9	40.8123	40.8123
CRE_128	1366	1366	0	0	0
CRE_129	1394	1394	55683.7	39.9452	39.9452
CRE_130	1873	1873	54981.8	29.3549	29.3549
CRE_131	290	290	0	0	0
CRE_132	232	232	0	0	0
CRE_133	458	458	62936.6	137.416	137.416
CRE_134	1023	1023	0	0	0
CRE_135	1275	1275	0	0	0
CRE_136	1309	1309	0	0	0
CRE_137	1661	1661	0	0	0
CRE_138	734	734	0	0	0
Mb21d2_control	1000	1000	838765	838.765	838.765
Fgf12_control	1000	1000	1.00161e+06	1001.61	1001.61
Wnt3_control	1000	1000	699790	699.79	699.79
Zic3_promoter	1000	1000	61298.8	61.2988	61.2988
Rnf12_promoter	1000	1000	0	0	0
