name	size	covered	sum	mean0	mean 
CRE_1	1023	1023	170981	167.136	167.136
CRE_2	966	966	0	0	0
CRE_3	703	703	0	0	0
CRE_4	1453	1453	0	0	0
CRE_5	928	928	0	0	0
CRE_6	769	769	0	0	0
CRE_7	1212	1212	0	0	0
CRE_8	979	979	0	0	0
CRE_9	806	806	0	0	0
CRE_10	1639	1639	0	0	0
CRE_11	304	304	0	0	0
CRE_12	740	740	105188	142.146	142.146
CRE_13	1078	1078	0	0	0
CRE_14	231	231	0	0	0
CRE_15	1149	1149	0	0	0
CRE_16	243	243	0	0	0
CRE_17	1025	1025	0	0	0
CRE_18	885	885	0	0	0
CRE_19	59	59	0	0	0
CRE_20	1356	1356	0	0	0
CRE_21	266	266	29241.4	109.93	109.93
CRE_22	1766	1766	0	0	0
CRE_23	367	367	0	0	0
CRE_24	1349	1349	0	0	0
CRE_25	1570	1570	0	0	0
CRE_26	1137	1137	0	0	0
CRE_27	1130	1130	0	0	0
CRE_28	681	681	0	0	0
CRE_29	1054	1054	0	0	0
CRE_30	1268	1268	0	0	0
CRE_31	1838	1838	0	0	0
CRE_32	825	825	0	0	0
CRE_33	658	658	0	0	0
CRE_34	707	707	0	0	0
CRE_35	475	475	0	0	0
CRE_36	1607	1607	0	0	0
CRE_37	874	874	0	0	0
CRE_38	1250	1250	0	0	0
CRE_39	1432	1432	0	0	0
CRE_40	368	368	0	0	0
CRE_41	766	766	0	0	0
CRE_42	761	761	79601.5	104.601	104.601
CRE_43	1781	1781	0	0	0
CRE_44	107	107	0	0	0
CRE_45	1087	1087	0	0	0
CRE_46	1107	1107	0	0	0
CRE_47	514	514	77977	151.706	151.706
CRE_48	1430	1430	0	0	0
CRE_49	782	782	202659	259.154	259.154
CRE_50	1162	1162	0	0	0
CRE_51	1364	1364	0	0	0
CRE_52	1378	1378	28429.1	20.6307	20.6307
CRE_53	954	954	0	0	0
CRE_54	453	453	62544	138.066	138.066
CRE_55	1360	1360	252613	185.745	185.745
CRE_56	435	435	236774	544.307	544.307
CRE_57	1638	1638	1.90312e+06	1161.86	1161.86
CRE_58	673	673	0	0	0
CRE_59	526	526	104375	198.432	198.432
CRE_60	1484	1484	87724.1	59.1133	59.1133
CRE_61	1209	1209	0	0	0
CRE_62	693	693	103563	149.442	149.442
CRE_63	555	555	58888.9	106.106	106.106
CRE_64	806	806	0	0	0
CRE_65	1139	1139	59295	52.0588	52.0588
CRE_66	832	832	0	0	0
CRE_67	874	874	0	0	0
CRE_68	928	928	80413.7	86.6527	86.6527
CRE_69	907	907	0	0	0
CRE_70	966	966	0	0	0
CRE_71	1376	1376	0	0	0
CRE_72	565	565	101533	179.704	179.704
CRE_73	357	357	0	0	0
CRE_74	1131	1131	0	0	0
CRE_75	403	403	0	0	0
CRE_76	1532	1532	0	0	0
CRE_77	1304	1304	0	0	0
CRE_78	993	993	0	0	0
CRE_79	1214	1214	0	0	0
CRE_80	989	989	0	0	0
CRE_81	1811	1811	0	0	0
CRE_82	1152	1152	0	0	0
CRE_83	319	319	0	0	0
CRE_84	1627	1627	16651.3	10.2344	10.2344
CRE_85	1155	1155	0	0	0
CRE_86	714	714	0	0	0
CRE_87	954	954	0	0	0
CRE_88	1341	1341	0	0	0
CRE_89	667	667	0	0	0
CRE_90	1028	1028	0	0	0
CRE_91	1007	1007	0	0	0
CRE_92	201	201	71072.8	353.596	353.596
CRE_93	1552	1552	146207	94.2054	94.2054
CRE_94	1166	1166	0	0	0
CRE_95	540	540	0	0	0
CRE_96	736	736	0	0	0
CRE_97	1445	1445	0	0	0
CRE_98	961	961	124276	129.319	129.319
CRE_99	1844	1844	0	0	0
CRE_100	946	946	95034.4	100.459	100.459
CRE_101	224	224	0	0	0
CRE_102	300	300	0	0	0
CRE_103	1934	1934	0	0	0
CRE_104	368	368	47923.3	130.226	130.226
CRE_105	1519	1519	0	0	0
CRE_106	932	932	0	0	0
CRE_107	856	856	84475	98.6858	98.6858
CRE_108	1299	1299	0	0	0
CRE_109	715	715	0	0	0
CRE_110	763	763	67417.6	88.3586	88.3586
CRE_111	1287	1287	67011.5	52.0679	52.0679
CRE_112	1291	1291	13402.3	10.3813	10.3813
CRE_113	713	713	0	0	0
CRE_114	827	827	31272	37.8138	37.8138
CRE_115	217	217	0	0	0
CRE_116	918	918	0	0	0
CRE_117	1024	1024	90567	88.4443	88.4443
CRE_118	728	728	125088	171.824	171.824
CRE_119	1489	1489	0	0	0
CRE_120	1613	1613	0	0	0
CRE_121	1421	1421	0	0	0
CRE_122	1080	1080	0	0	0
CRE_123	1496	1496	250176	167.23	167.23
CRE_124	225	225	0	0	0
CRE_125	1027	1027	0	0	0
CRE_126	1783	1783	63762.4	35.7613	35.7613
CRE_127	1823	1823	43862	24.0604	24.0604
CRE_128	1366	1366	116965	85.6262	85.6262
CRE_129	1394	1394	85287.3	61.1817	61.1817
CRE_130	1873	1873	0	0	0
CRE_131	290	290	110061	379.521	379.521
CRE_132	232	232	0	0	0
CRE_133	458	458	0	0	0
CRE_134	1023	1023	82444.4	80.5908	80.5908
CRE_135	1275	1275	56045.9	43.9576	43.9576
CRE_136	1309	1309	61731.8	47.1595	47.1595
CRE_137	1661	1661	0	0	0
CRE_138	734	734	0	0	0
Mb21d2_control	1000	1000	625440	625.44	625.44
Fgf12_control	1000	1000	1.11239e+06	1112.39	1112.39
Wnt3_control	1000	1000	626252	626.252	626.252
Zic3_promoter	1000	1000	180322	180.322	180.322
Rnf12_promoter	1000	1000	0	0	0
