name	size	covered	sum	mean0	mean 
CRE_1	1023	1023	354055	346.095	346.095
CRE_2	966	966	240555	249.022	249.022
CRE_3	703	703	0	0	0
CRE_4	1453	1453	0	0	0
CRE_5	928	928	0	0	0
CRE_6	769	769	0	0	0
CRE_7	1212	1212	0	0	0
CRE_8	979	979	46410.9	47.4065	47.4065
CRE_9	806	806	0	0	0
CRE_10	1639	1639	0	0	0
CRE_11	304	304	0	0	0
CRE_12	740	740	42964.6	58.0602	58.0602
CRE_13	1078	1078	0	0	0
CRE_14	231	231	0	0	0
CRE_15	1149	1149	0	0	0
CRE_16	243	243	0	0	0
CRE_17	1025	1025	0	0	0
CRE_18	885	885	38139.7	43.0957	43.0957
CRE_19	59	59	1378.54	23.3651	23.3651
CRE_20	1356	1356	48019.2	35.4124	35.4124
CRE_21	266	266	49167.9	184.842	184.842
CRE_22	1766	1766	0	0	0
CRE_23	367	367	0	0	0
CRE_24	1349	1349	0	0	0
CRE_25	1570	1570	54222.7	34.5367	34.5367
CRE_26	1137	1137	0	0	0
CRE_27	1130	1130	0	0	0
CRE_28	681	681	0	0	0
CRE_29	1054	1054	0	0	0
CRE_30	1268	1268	19759.1	15.5829	15.5829
CRE_31	1838	1838	0	0	0
CRE_32	825	825	35152.8	42.6095	42.6095
CRE_33	658	658	54452.4	82.7544	82.7544
CRE_34	707	707	0	0	0
CRE_35	475	475	0	0	0
CRE_36	1607	1607	0	0	0
CRE_37	874	874	0	0	0
CRE_38	1250	1250	46410.8	37.1287	37.1287
CRE_39	1432	1432	0	0	0
CRE_40	368	368	66170	179.81	179.81
CRE_41	766	766	0	0	0
CRE_42	761	761	0	0	0
CRE_43	1781	1781	123609	69.4044	69.4044
CRE_44	107	107	0	0	0
CRE_45	1087	1087	54452.4	50.0942	50.0942
CRE_46	1107	1107	50546.5	45.6608	45.6608
CRE_47	514	514	0	0	0
CRE_48	1430	1430	0	0	0
CRE_49	782	782	169331	216.535	216.535
CRE_50	1162	1162	0	0	0
CRE_51	1364	1364	19529.3	14.3177	14.3177
CRE_52	1378	1378	25732.8	18.674	18.674
CRE_53	954	954	63412.9	66.4706	66.4706
CRE_54	453	453	0	0	0
CRE_55	1360	1360	274329	201.713	201.713
CRE_56	435	435	0	0	0
CRE_57	1638	1638	256638	156.678	156.678
CRE_58	673	673	0	0	0
CRE_59	526	526	70535.4	134.098	134.098
CRE_60	1484	1484	44343.1	29.8808	29.8808
CRE_61	1209	1209	45951.4	38.0078	38.0078
CRE_62	693	693	0	0	0
CRE_63	555	555	0	0	0
CRE_64	806	806	0	0	0
CRE_65	1139	1139	0	0	0
CRE_66	832	832	0	0	0
CRE_67	874	874	0	0	0
CRE_68	928	928	48249	51.9924	51.9924
CRE_69	907	907	0	0	0
CRE_70	966	966	39288.4	40.6713	40.6713
CRE_71	1376	1376	15853.2	11.5212	11.5212
CRE_72	565	565	65710.5	116.302	116.302
CRE_73	357	357	0	0	0
CRE_74	1131	1131	0	0	0
CRE_75	403	403	0	0	0
CRE_76	1532	1532	0	0	0
CRE_77	1304	1304	0	0	0
CRE_78	993	993	0	0	0
CRE_79	1214	1214	0	0	0
CRE_80	989	989	0	0	0
CRE_81	1811	1811	110743	61.1501	61.1501
CRE_82	1152	1152	51925.1	45.0739	45.0739
CRE_83	319	319	0	0	0
CRE_84	1627	1627	0	0	0
CRE_85	1155	1155	0	0	0
CRE_86	714	714	0	0	0
CRE_87	954	954	68237.8	71.528	71.528
CRE_88	1341	1341	0	0	0
CRE_89	667	667	0	0	0
CRE_90	1028	1028	19529.3	18.9974	18.9974
CRE_91	1007	1007	0	0	0
CRE_92	201	201	0	0	0
CRE_93	1552	1552	0	0	0
CRE_94	1166	1166	0	0	0
CRE_95	540	540	0	0	0
CRE_96	736	736	0	0	0
CRE_97	1445	1445	0	0	0
CRE_98	961	961	0	0	0
CRE_99	1844	1844	0	0	0
CRE_100	946	946	0	0	0
CRE_101	224	224	19988.9	89.236	89.236
CRE_102	300	300	0	0	0
CRE_103	1934	1934	0	0	0
CRE_104	368	368	17691.3	48.0742	48.0742
CRE_105	1519	1519	90524.3	59.5946	59.5946
CRE_106	932	932	33774.3	36.2385	36.2385
CRE_107	856	856	21826.9	25.4987	25.4987
CRE_108	1299	1299	0	0	0
CRE_109	715	715	0	0	0
CRE_110	763	763	30098.2	39.4471	39.4471
CRE_111	1287	1287	0	0	0
CRE_112	1291	1291	0	0	0
CRE_113	713	713	113959	159.831	159.831
CRE_114	827	827	0	0	0
CRE_115	217	217	0	0	0
CRE_116	918	918	0	0	0
CRE_117	1024	1024	0	0	0
CRE_118	728	728	26651.8	36.6096	36.6096
CRE_119	1489	1489	0	0	0
CRE_120	1613	1613	71684.2	44.4415	44.4415
CRE_121	1421	1421	0	0	0
CRE_122	1080	1080	0	0	0
CRE_123	1496	1496	80414.8	53.7532	53.7532
CRE_124	225	225	0	0	0
CRE_125	1027	1027	43883.6	42.7299	42.7299
CRE_126	1783	1783	0	0	0
CRE_127	1823	1823	34233.8	18.7788	18.7788
CRE_128	1366	1366	48249	35.3214	35.3214
CRE_129	1394	1394	20448.4	14.6688	14.6688
CRE_130	1873	1873	0	0	0
CRE_131	290	290	50546.5	174.298	174.298
CRE_132	232	232	0	0	0
CRE_133	458	458	30327.9	66.2182	66.2182
CRE_134	1023	1023	0	0	0
CRE_135	1275	1275	48019.2	37.6621	37.6621
CRE_136	1309	1309	45262.1	34.5776	34.5776
CRE_137	1661	1661	0	0	0
CRE_138	734	734	94659.9	128.964	128.964
Mb21d2_control	1000	1000	1.20232e+06	1202.32	1202.32
Fgf12_control	1000	1000	981291	981.291	981.291
Wnt3_control	1000	1000	573013	573.013	573.013
Zic3_promoter	1000	1000	24813.8	24.8138	24.8138
Rnf12_promoter	1000	1000	0	0	0
