name	size	covered	sum	mean0	mean 
CRE_1	1023	1023	234945	229.662	229.662
CRE_2	966	966	254414	263.368	263.368
CRE_3	703	703	62783.3	89.3076	89.3076
CRE_4	1453	1453	0	0	0
CRE_5	928	928	0	0	0
CRE_6	769	769	0	0	0
CRE_7	1212	1212	0	0	0
CRE_8	979	979	0	0	0
CRE_9	806	806	0	0	0
CRE_10	1639	1639	0	0	0
CRE_11	304	304	0	0	0
CRE_12	740	740	56658.1	76.565	76.565
CRE_13	1078	1078	0	0	0
CRE_14	231	231	0	0	0
CRE_15	1149	1149	0	0	0
CRE_16	243	243	0	0	0
CRE_17	1025	1025	0	0	0
CRE_18	885	885	0	0	0
CRE_19	59	59	0	0	0
CRE_20	1356	1356	45720.2	33.717	33.717
CRE_21	266	266	0	0	0
CRE_22	1766	1766	0	0	0
CRE_23	367	367	0	0	0
CRE_24	1349	1349	0	0	0
CRE_25	1570	1570	0	0	0
CRE_26	1137	1137	0	0	0
CRE_27	1130	1130	0	0	0
CRE_28	681	681	0	0	0
CRE_29	1054	1054	0	0	0
CRE_30	1268	1268	73502.4	57.9672	57.9672
CRE_31	1838	1838	0	0	0
CRE_32	825	825	0	0	0
CRE_33	658	658	0	0	0
CRE_34	707	707	39813.8	56.3137	56.3137
CRE_35	475	475	48564.1	102.24	102.24
CRE_36	1607	1607	0	0	0
CRE_37	874	874	0	0	0
CRE_38	1250	1250	0	0	0
CRE_39	1432	1432	0	0	0
CRE_40	368	368	0	0	0
CRE_41	766	766	0	0	0
CRE_42	761	761	64751.9	85.0879	85.0879
CRE_43	1781	1781	0	0	0
CRE_44	107	107	0	0	0
CRE_45	1087	1087	0	0	0
CRE_46	1107	1107	0	0	0
CRE_47	514	514	0	0	0
CRE_48	1430	1430	0	0	0
CRE_49	782	782	59501.9	76.0894	76.0894
CRE_50	1162	1162	0	0	0
CRE_51	1364	1364	0	0	0
CRE_52	1378	1378	0	0	0
CRE_53	954	954	0	0	0
CRE_54	453	453	0	0	0
CRE_55	1360	1360	72408.6	53.2416	53.2416
CRE_56	435	435	0	0	0
CRE_57	1638	1638	139129	84.9385	84.9385
CRE_58	673	673	0	0	0
CRE_59	526	526	0	0	0
CRE_60	1484	1484	47907.8	32.2829	32.2829
CRE_61	1209	1209	0	0	0
CRE_62	693	693	0	0	0
CRE_63	555	555	0	0	0
CRE_64	806	806	49876.6	61.8816	61.8816
CRE_65	1139	1139	0	0	0
CRE_66	832	832	0	0	0
CRE_67	874	874	0	0	0
CRE_68	928	928	68470.9	73.7833	73.7833
CRE_69	907	907	0	0	0
CRE_70	966	966	96471.8	99.8673	99.8673
CRE_71	1376	1376	0	0	0
CRE_72	565	565	0	0	0
CRE_73	357	357	0	0	0
CRE_74	1131	1131	0	0	0
CRE_75	403	403	0	0	0
CRE_76	1532	1532	0	0	0
CRE_77	1304	1304	0	0	0
CRE_78	993	993	42001.3	42.2974	42.2974
CRE_79	1214	1214	0	0	0
CRE_80	989	989	0	0	0
CRE_81	1811	1811	0	0	0
CRE_82	1152	1152	0	0	0
CRE_83	319	319	0	0	0
CRE_84	1627	1627	0	0	0
CRE_85	1155	1155	0	0	0
CRE_86	714	714	0	0	0
CRE_87	954	954	0	0	0
CRE_88	1341	1341	0	0	0
CRE_89	667	667	0	0	0
CRE_90	1028	1028	16188	15.7471	15.7471
CRE_91	1007	1007	0	0	0
CRE_92	201	201	28875.9	143.661	143.661
CRE_93	1552	1552	45720.2	29.4589	29.4589
CRE_94	1166	1166	0	0	0
CRE_95	540	540	0	0	0
CRE_96	736	736	0	0	0
CRE_97	1445	1445	0	0	0
CRE_98	961	961	17938.1	18.6661	18.6661
CRE_99	1844	1844	0	0	0
CRE_100	946	946	0	0	0
CRE_101	224	224	0	0	0
CRE_102	300	300	0	0	0
CRE_103	1934	1934	0	0	0
CRE_104	368	368	0	0	0
CRE_105	1519	1519	0	0	0
CRE_106	932	932	0	0	0
CRE_107	856	856	0	0	0
CRE_108	1299	1299	0	0	0
CRE_109	715	715	0	0	0
CRE_110	763	763	57533.1	75.4038	75.4038
CRE_111	1287	1287	22969.5	17.8473	17.8473
CRE_112	1291	1291	0	0	0
CRE_113	713	713	0	0	0
CRE_114	827	827	0	0	0
CRE_115	217	217	0	0	0
CRE_116	918	918	0	0	0
CRE_117	1024	1024	0	0	0
CRE_118	728	728	32376	44.4725	44.4725
CRE_119	1489	1489	154005	103.428	103.428
CRE_120	1613	1613	60595.7	37.5671	37.5671
CRE_121	1421	1421	51189.1	36.0233	36.0233
CRE_122	1080	1080	0	0	0
CRE_123	1496	1496	0	0	0
CRE_124	225	225	0	0	0
CRE_125	1027	1027	0	0	0
CRE_126	1783	1783	21875.7	12.269	12.269
CRE_127	1823	1823	63439.5	34.7995	34.7995
CRE_128	1366	1366	50095.4	36.673	36.673
CRE_129	1394	1394	130160	93.3718	93.3718
CRE_130	1873	1873	127316	67.9746	67.9746
CRE_131	290	290	0	0	0
CRE_132	232	232	66064.5	284.761	284.761
CRE_133	458	458	97784.4	213.503	213.503
CRE_134	1023	1023	117035	114.404	114.404
CRE_135	1275	1275	0	0	0
CRE_136	1309	1309	41563.8	31.7524	31.7524
CRE_137	1661	1661	0	0	0
CRE_138	734	734	0	0	0
Mb21d2_control	1000	1000	626956	626.956	626.956
Fgf12_control	1000	1000	985061	985.061	985.061
Wnt3_control	1000	1000	801087	801.087	801.087
Zic3_promoter	1000	1000	98659.3	98.6593	98.6593
Rnf12_promoter	1000	1000	28000.9	28.0009	28.0009
