name	size	covered	sum	mean0	mean 
CRE_1	1023	1023	142708	139.5	139.5
CRE_2	966	966	363941	376.751	376.751
CRE_3	703	703	0	0	0
CRE_4	1453	1453	0	0	0
CRE_5	928	928	0	0	0
CRE_6	769	769	0	0	0
CRE_7	1212	1212	119903	98.93	98.93
CRE_8	979	979	37381.5	38.1834	38.1834
CRE_9	806	806	0	0	0
CRE_10	1639	1639	0	0	0
CRE_11	304	304	0	0	0
CRE_12	740	740	56189.9	75.9322	75.9322
CRE_13	1078	1078	0	0	0
CRE_14	231	231	0	0	0
CRE_15	1149	1149	0	0	0
CRE_16	243	243	0	0	0
CRE_17	1025	1025	64888.8	63.3061	63.3061
CRE_18	885	885	0	0	0
CRE_19	59	59	0	0	0
CRE_20	1356	1356	17397.7	12.8302	12.8302
CRE_21	266	266	0	0	0
CRE_22	1766	1766	138476	78.4125	78.4125
CRE_23	367	367	0	0	0
CRE_24	1349	1349	0	0	0
CRE_25	1570	1570	0	0	0
CRE_26	1137	1137	0	0	0
CRE_27	1130	1130	0	0	0
CRE_28	681	681	11049.9	16.226	16.226
CRE_29	1054	1054	0	0	0
CRE_30	1268	1268	0	0	0
CRE_31	1838	1838	0	0	0
CRE_32	825	825	0	0	0
CRE_33	658	658	0	0	0
CRE_34	707	707	0	0	0
CRE_35	475	475	0	0	0
CRE_36	1607	1607	0	0	0
CRE_37	874	874	0	0	0
CRE_38	1250	1250	105092	84.0732	84.0732
CRE_39	1432	1432	0	0	0
CRE_40	368	368	0	0	0
CRE_41	766	766	0	0	0
CRE_42	761	761	0	0	0
CRE_43	1781	1781	0	0	0
CRE_44	107	107	0	0	0
CRE_45	1087	1087	0	0	0
CRE_46	1107	1107	48901.6	44.1749	44.1749
CRE_47	514	514	0	0	0
CRE_48	1430	1430	0	0	0
CRE_49	782	782	0	0	0
CRE_50	1162	1162	0	0	0
CRE_51	1364	1364	148586	108.934	108.934
CRE_52	1378	1378	48666.5	35.3168	35.3168
CRE_53	954	954	0	0	0
CRE_54	453	453	0	0	0
CRE_55	1360	1360	59011.1	43.3905	43.3905
CRE_56	435	435	42083.6	96.7439	96.7439
CRE_57	1638	1638	107678	65.7373	65.7373
CRE_58	673	673	0	0	0
CRE_59	526	526	0	0	0
CRE_60	1484	1484	0	0	0
CRE_61	1209	1209	0	0	0
CRE_62	693	693	17632.8	25.4442	25.4442
CRE_63	555	555	0	0	0
CRE_64	806	806	0	0	0
CRE_65	1139	1139	0	0	0
CRE_66	832	832	0	0	0
CRE_67	874	874	0	0	0
CRE_68	928	928	0	0	0
CRE_69	907	907	0	0	0
CRE_70	966	966	41378.3	42.8347	42.8347
CRE_71	1376	1376	140592	102.175	102.175
CRE_72	565	565	0	0	0
CRE_73	357	357	50312.3	140.931	140.931
CRE_74	1131	1131	0	0	0
CRE_75	403	403	0	0	0
CRE_76	1532	1532	0	0	0
CRE_77	1304	1304	0	0	0
CRE_78	993	993	0	0	0
CRE_79	1214	1214	0	0	0
CRE_80	989	989	0	0	0
CRE_81	1811	1811	0	0	0
CRE_82	1152	1152	0	0	0
CRE_83	319	319	15281.8	47.9052	47.9052
CRE_84	1627	1627	0	0	0
CRE_85	1155	1155	0	0	0
CRE_86	714	714	0	0	0
CRE_87	954	954	0	0	0
CRE_88	1341	1341	45375.1	33.8367	33.8367
CRE_89	667	667	0	0	0
CRE_90	1028	1028	0	0	0
CRE_91	1007	1007	0	0	0
CRE_92	201	201	0	0	0
CRE_93	1552	1552	0	0	0
CRE_94	1166	1166	0	0	0
CRE_95	540	540	44199.6	81.851	81.851
CRE_96	736	736	0	0	0
CRE_97	1445	1445	0	0	0
CRE_98	961	961	0	0	0
CRE_99	1844	1844	7523.33	4.0799	4.0799
CRE_100	946	946	0	0	0
CRE_101	224	224	0	0	0
CRE_102	300	300	0	0	0
CRE_103	1934	1934	41848.5	21.6383	21.6383
CRE_104	368	368	0	0	0
CRE_105	1519	1519	33384.8	21.9781	21.9781
CRE_106	932	932	0	0	0
CRE_107	856	856	0	0	0
CRE_108	1299	1299	0	0	0
CRE_109	715	715	0	0	0
CRE_110	763	763	36441.1	47.7603	47.7603
CRE_111	1287	1287	102035	79.2814	79.2814
CRE_112	1291	1291	0	0	0
CRE_113	713	713	0	0	0
CRE_114	827	827	43494.2	52.5928	52.5928
CRE_115	217	217	0	0	0
CRE_116	918	918	0	0	0
CRE_117	1024	1024	14106.2	13.7756	13.7756
CRE_118	728	728	0	0	0
CRE_119	1489	1489	0	0	0
CRE_120	1613	1613	0	0	0
CRE_121	1421	1421	0	0	0
CRE_122	1080	1080	0	0	0
CRE_123	1496	1496	0	0	0
CRE_124	225	225	41848.5	185.993	185.993
CRE_125	1027	1027	0	0	0
CRE_126	1783	1783	0	0	0
CRE_127	1823	1823	104856	57.5186	57.5186
CRE_128	1366	1366	0	0	0
CRE_129	1394	1394	28212.5	20.2385	20.2385
CRE_130	1873	1873	114966	61.3806	61.3806
CRE_131	290	290	31503.9	108.634	108.634
CRE_132	232	232	0	0	0
CRE_133	458	458	0	0	0
CRE_134	1023	1023	0	0	0
CRE_135	1275	1275	0	0	0
CRE_136	1309	1309	0	0	0
CRE_137	1661	1661	0	0	0
CRE_138	734	734	0	0	0
Mb21d2_control	1000	1000	1.87707e+06	1877.07	1877.07
Fgf12_control	1000	1000	767616	767.616	767.616
Wnt3_control	1000	1000	770907	770.907	770.907
Zic3_promoter	1000	1000	45140	45.14	45.14
Rnf12_promoter	1000	1000	0	0	0
