name	size	covered	sum	mean0	mean 
CRE_1	1023	1023	277305	271.071	271.071
CRE_2	966	966	677598	701.448	701.448
CRE_3	703	703	42981	61.1394	61.1394
CRE_4	1453	1453	0	0	0
CRE_5	928	928	0	0	0
CRE_6	769	769	0	0	0
CRE_7	1212	1212	0	0	0
CRE_8	979	979	114961	117.427	117.427
CRE_9	806	806	0	0	0
CRE_10	1639	1639	0	0	0
CRE_11	304	304	164156	539.988	539.988
CRE_12	740	740	26927.9	36.389	36.389
CRE_13	1078	1078	0	0	0
CRE_14	231	231	0	0	0
CRE_15	1149	1149	0	0	0
CRE_16	243	243	0	0	0
CRE_17	1025	1025	0	0	0
CRE_18	885	885	0	0	0
CRE_19	59	59	15276.4	258.922	258.922
CRE_20	1356	1356	258145	190.372	190.372
CRE_21	266	266	9321.19	35.0421	35.0421
CRE_22	1766	1766	70167.9	39.7327	39.7327
CRE_23	367	367	0	0	0
CRE_24	1349	1349	0	0	0
CRE_25	1570	1570	0	0	0
CRE_26	1137	1137	0	0	0
CRE_27	1130	1130	0	0	0
CRE_28	681	681	0	0	0
CRE_29	1054	1054	0	0	0
CRE_30	1268	1268	0	0	0
CRE_31	1838	1838	0	0	0
CRE_32	825	825	0	0	0
CRE_33	658	658	0	0	0
CRE_34	707	707	0	0	0
CRE_35	475	475	60587.7	127.553	127.553
CRE_36	1607	1607	0	0	0
CRE_37	874	874	0	0	0
CRE_38	1250	1250	388124	310.499	310.499
CRE_39	1432	1432	0	0	0
CRE_40	368	368	81819.4	222.335	222.335
CRE_41	766	766	0	0	0
CRE_42	761	761	116774	153.448	153.448
CRE_43	1781	1781	0	0	0
CRE_44	107	107	0	0	0
CRE_45	1087	1087	0	0	0
CRE_46	1107	1107	51007.6	46.0774	46.0774
CRE_47	514	514	83372.7	162.204	162.204
CRE_48	1430	1430	0	0	0
CRE_49	782	782	320027	409.242	409.242
CRE_50	1162	1162	143960	123.89	123.89
CRE_51	1364	1364	1.42562e+06	1045.18	1045.18
CRE_52	1378	1378	499201	362.265	362.265
CRE_53	954	954	115997	121.59	121.59
CRE_54	453	453	120658	266.352	266.352
CRE_55	1360	1360	764078	561.822	561.822
CRE_56	435	435	431882	992.832	992.832
CRE_57	1638	1638	4.56893e+06	2789.34	2789.34
CRE_58	673	673	100462	149.274	149.274
CRE_59	526	526	676304	1285.75	1285.75
CRE_60	1484	1484	315885	212.86	212.86
CRE_61	1209	1209	0	0	0
CRE_62	693	693	56445	81.4502	81.4502
CRE_63	555	555	0	0	0
CRE_64	806	806	51266.6	63.6061	63.6061
CRE_65	1139	1139	0	0	0
CRE_66	832	832	35472.3	42.635	42.635
CRE_67	874	874	0	0	0
CRE_68	928	928	247270	266.455	266.455
CRE_69	907	907	0	0	0
CRE_70	966	966	49713	51.4628	51.4628
CRE_71	1376	1376	54373.6	39.5157	39.5157
CRE_72	565	565	0	0	0
CRE_73	357	357	20713.8	58.0217	58.0217
CRE_74	1131	1131	0	0	0
CRE_75	403	403	0	0	0
CRE_76	1532	1532	0	0	0
CRE_77	1304	1304	0	0	0
CRE_78	993	993	39356.1	39.6336	39.6336
CRE_79	1214	1214	0	0	0
CRE_80	989	989	23303	23.5622	23.5622
CRE_81	1811	1811	0	0	0
CRE_82	1152	1152	0	0	0
CRE_83	319	319	0	0	0
CRE_84	1627	1627	0	0	0
CRE_85	1155	1155	0	0	0
CRE_86	714	714	0	0	0
CRE_87	954	954	0	0	0
CRE_88	1341	1341	0	0	0
CRE_89	667	667	0	0	0
CRE_90	1028	1028	0	0	0
CRE_91	1007	1007	0	0	0
CRE_92	201	201	0	0	0
CRE_93	1552	1552	0	0	0
CRE_94	1166	1166	0	0	0
CRE_95	540	540	0	0	0
CRE_96	736	736	0	0	0
CRE_97	1445	1445	2589.22	1.79185	1.79185
CRE_98	961	961	40909.7	42.5699	42.5699
CRE_99	1844	1844	119104	64.5901	64.5901
CRE_100	946	946	0	0	0
CRE_101	224	224	0	0	0
CRE_102	300	300	0	0	0
CRE_103	1934	1934	0	0	0
CRE_104	368	368	81819.3	222.335	222.335
CRE_105	1519	1519	0	0	0
CRE_106	932	932	0	0	0
CRE_107	856	856	0	0	0
CRE_108	1299	1299	0	0	0
CRE_109	715	715	0	0	0
CRE_110	763	763	67837.6	88.909	88.909
CRE_111	1287	1287	149657	116.283	116.283
CRE_112	1291	1291	50230.9	38.9085	38.9085
CRE_113	713	713	62400.2	87.5178	87.5178
CRE_114	827	827	0	0	0
CRE_115	217	217	0	0	0
CRE_116	918	918	0	0	0
CRE_117	1024	1024	0	0	0
CRE_118	728	728	30293.9	41.6125	41.6125
CRE_119	1489	1489	0	0	0
CRE_120	1613	1613	0	0	0
CRE_121	1421	1421	93729.8	65.9604	65.9604
CRE_122	1080	1080	0	0	0
CRE_123	1496	1496	57480.7	38.4229	38.4229
CRE_124	225	225	0	0	0
CRE_125	1027	1027	0	0	0
CRE_126	1783	1783	83113.9	46.6146	46.6146
CRE_127	1823	1823	70944.6	38.9164	38.9164
CRE_128	1366	1366	69650	50.9883	50.9883
CRE_129	1394	1394	0	0	0
CRE_130	1873	1873	61882.3	33.0391	33.0391
CRE_131	290	290	0	0	0
CRE_132	232	232	59034.2	254.458	254.458
CRE_133	458	458	27704.7	60.4905	60.4905
CRE_134	1023	1023	0	0	0
CRE_135	1275	1275	0	0	0
CRE_136	1309	1309	0	0	0
CRE_137	1661	1661	0	0	0
CRE_138	734	734	42463.2	57.8518	57.8518
Mb21d2_control	1000	1000	608984	608.984	608.984
Fgf12_control	1000	1000	748025	748.025	748.025
Wnt3_control	1000	1000	227851	227.851	227.851
Zic3_promoter	1000	1000	202218	202.218	202.218
Rnf12_promoter	1000	1000	86738.9	86.7389	86.7389
