name	size	covered	sum	mean0	mean 
CRE_1	1023	1023	424683	415.135	415.135
CRE_2	966	966	209084	216.443	216.443
CRE_3	703	703	0	0	0
CRE_4	1453	1453	51234.5	35.2612	35.2612
CRE_5	928	928	0	0	0
CRE_6	769	769	0	0	0
CRE_7	1212	1212	0	0	0
CRE_8	979	979	0	0	0
CRE_9	806	806	0	0	0
CRE_10	1639	1639	27542.2	16.8043	16.8043
CRE_11	304	304	0	0	0
CRE_12	740	740	52419.1	70.8366	70.8366
CRE_13	1078	1078	0	0	0
CRE_14	231	231	0	0	0
CRE_15	1149	1149	59230.6	51.5497	51.5497
CRE_16	243	243	0	0	0
CRE_17	1025	1025	100988	98.5251	98.5251
CRE_18	885	885	0	0	0
CRE_19	59	59	0	0	0
CRE_20	1356	1356	190130	140.214	140.214
CRE_21	266	266	56565.2	212.651	212.651
CRE_22	1766	1766	0	0	0
CRE_23	367	367	0	0	0
CRE_24	1349	1349	0	0	0
CRE_25	1570	1570	0	0	0
CRE_26	1137	1137	0	0	0
CRE_27	1130	1130	12438.4	11.0075	11.0075
CRE_28	681	681	0	0	0
CRE_29	1054	1054	0	0	0
CRE_30	1268	1268	0	0	0
CRE_31	1838	1838	0	0	0
CRE_32	825	825	0	0	0
CRE_33	658	658	0	0	0
CRE_34	707	707	0	0	0
CRE_35	475	475	0	0	0
CRE_36	1607	1607	0	0	0
CRE_37	874	874	19546.1	22.364	22.364
CRE_38	1250	1250	236627	189.301	189.301
CRE_39	1432	1432	0	0	0
CRE_40	368	368	0	0	0
CRE_41	766	766	0	0	0
CRE_42	761	761	0	0	0
CRE_43	1781	1781	0	0	0
CRE_44	107	107	0	0	0
CRE_45	1087	1087	0	0	0
CRE_46	1107	1107	0	0	0
CRE_47	514	514	0	0	0
CRE_48	1430	1430	0	0	0
CRE_49	782	782	0	0	0
CRE_50	1162	1162	0	0	0
CRE_51	1364	1364	170880	125.279	125.279
CRE_52	1378	1378	0	0	0
CRE_53	954	954	0	0	0
CRE_54	453	453	50938.3	112.447	112.447
CRE_55	1360	1360	62784.4	46.165	46.165
CRE_56	435	435	0	0	0
CRE_57	1638	1638	156665	95.644	95.644
CRE_58	673	673	0	0	0
CRE_59	526	526	0	0	0
CRE_60	1484	1484	58638.3	39.5137	39.5137
CRE_61	1209	1209	0	0	0
CRE_62	693	693	0	0	0
CRE_63	555	555	51826.8	93.3816	93.3816
CRE_64	806	806	0	0	0
CRE_65	1139	1139	0	0	0
CRE_66	832	832	62784.4	75.4621	75.4621
CRE_67	874	874	0	0	0
CRE_68	928	928	0	0	0
CRE_69	907	907	0	0	0
CRE_70	966	966	0	0	0
CRE_71	1376	1376	0	0	0
CRE_72	565	565	0	0	0
CRE_73	357	357	0	0	0
CRE_74	1131	1131	175027	154.754	154.754
CRE_75	403	403	0	0	0
CRE_76	1532	1532	0	0	0
CRE_77	1304	1304	181838	139.446	139.446
CRE_78	993	993	0	0	0
CRE_79	1214	1214	24876.9	20.4916	20.4916
CRE_80	989	989	0	0	0
CRE_81	1811	1811	66338.3	36.6307	36.6307
CRE_82	1152	1152	0	0	0
CRE_83	319	319	0	0	0
CRE_84	1627	1627	76111.3	46.7802	46.7802
CRE_85	1155	1155	0	0	0
CRE_86	714	714	0	0	0
CRE_87	954	954	87069	91.2673	91.2673
CRE_88	1341	1341	0	0	0
CRE_89	667	667	0	0	0
CRE_90	1028	1028	0	0	0
CRE_91	1007	1007	0	0	0
CRE_92	201	201	0	0	0
CRE_93	1552	1552	0	0	0
CRE_94	1166	1166	0	0	0
CRE_95	540	540	0	0	0
CRE_96	736	736	0	0	0
CRE_97	1445	1445	0	0	0
CRE_98	961	961	0	0	0
CRE_99	1844	1844	49457.6	26.8208	26.8208
CRE_100	946	946	76111.3	80.4559	80.4559
CRE_101	224	224	0	0	0
CRE_102	300	300	49161.4	163.871	163.871
CRE_103	1934	1934	37907.6	19.6006	19.6006
CRE_104	368	368	29023	78.8668	78.8668
CRE_105	1519	1519	69892.1	46.0119	46.0119
CRE_106	932	932	0	0	0
CRE_107	856	856	0	0	0
CRE_108	1299	1299	0	0	0
CRE_109	715	715	0	0	0
CRE_110	763	763	40573	53.1756	53.1756
CRE_111	1287	1287	0	0	0
CRE_112	1291	1291	0	0	0
CRE_113	713	713	45015.3	63.135	63.135
CRE_114	827	827	58638.3	70.9048	70.9048
CRE_115	217	217	0	0	0
CRE_116	918	918	0	0	0
CRE_117	1024	1024	0	0	0
CRE_118	728	728	124977	171.671	171.671
CRE_119	1489	1489	0	0	0
CRE_120	1613	1613	0	0	0
CRE_121	1421	1421	0	0	0
CRE_122	1080	1080	0	0	0
CRE_123	1496	1496	72557.5	48.501	48.501
CRE_124	225	225	0	0	0
CRE_125	1027	1027	0	0	0
CRE_126	1783	1783	0	0	0
CRE_127	1823	1823	341465	187.309	187.309
CRE_128	1366	1366	592.306	0.433606	0.433606
CRE_129	1394	1394	50938.3	36.5411	36.5411
CRE_130	1873	1873	72853.6	38.8968	38.8968
CRE_131	290	290	0	0	0
CRE_132	232	232	0	0	0
CRE_133	458	458	0	0	0
CRE_134	1023	1023	121423	118.693	118.693
CRE_135	1275	1275	0	0	0
CRE_136	1309	1309	41461.4	31.6741	31.6741
CRE_137	1661	1661	0	0	0
CRE_138	734	734	52715.2	71.8191	71.8191
Mb21d2_control	1000	1000	993002	993.002	993.002
Fgf12_control	1000	1000	1.27109e+06	1271.09	1271.09
Wnt3_control	1000	1000	268019	268.019	268.019
Zic3_promoter	1000	1000	265057	265.057	265.057
Rnf12_promoter	1000	1000	0	0	0
