name	size	covered	sum	mean0	mean 
CRE_1	1023	1023	140020	136.872	136.872
CRE_2	966	966	210030	217.423	217.423
CRE_3	703	703	4842.19	6.8879	6.8879
CRE_4	1453	1453	93615.7	64.4293	64.4293
CRE_5	928	928	0	0	0
CRE_6	769	769	0	0	0
CRE_7	1212	1212	0	0	0
CRE_8	979	979	0	0	0
CRE_9	806	806	0	0	0
CRE_10	1639	1639	41562.1	25.3582	25.3582
CRE_11	304	304	0	0	0
CRE_12	740	740	53869.4	72.7965	72.7965
CRE_13	1078	1078	54474.7	50.5331	50.5331
CRE_14	231	231	0	0	0
CRE_15	1149	1149	0	0	0
CRE_16	243	243	0	0	0
CRE_17	1025	1025	0	0	0
CRE_18	885	885	0	0	0
CRE_19	59	59	0	0	0
CRE_20	1356	1356	0	0	0
CRE_21	266	266	0	0	0
CRE_22	1766	1766	0	0	0
CRE_23	367	367	0	0	0
CRE_24	1349	1349	0	0	0
CRE_25	1570	1570	38939.3	24.8021	24.8021
CRE_26	1137	1137	105519	92.8051	92.8051
CRE_27	1130	1130	0	0	0
CRE_28	681	681	0	0	0
CRE_29	1054	1054	0	0	0
CRE_30	1268	1268	0	0	0
CRE_31	1838	1838	0	0	0
CRE_32	825	825	0	0	0
CRE_33	658	658	0	0	0
CRE_34	707	707	0	0	0
CRE_35	475	475	0	0	0
CRE_36	1607	1607	0	0	0
CRE_37	874	874	0	0	0
CRE_38	1250	1250	0	0	0
CRE_39	1432	1432	0	0	0
CRE_40	368	368	42167.4	114.585	114.585
CRE_41	766	766	0	0	0
CRE_42	761	761	0	0	0
CRE_43	1781	1781	0	0	0
CRE_44	107	107	0	0	0
CRE_45	1087	1087	0	0	0
CRE_46	1107	1107	0	0	0
CRE_47	514	514	0	0	0
CRE_48	1430	1430	0	0	0
CRE_49	782	782	0	0	0
CRE_50	1162	1162	0	0	0
CRE_51	1364	1364	0	0	0
CRE_52	1378	1378	0	0	0
CRE_53	954	954	0	0	0
CRE_54	453	453	71422.3	157.665	157.665
CRE_55	1360	1360	0	0	0
CRE_56	435	435	0	0	0
CRE_57	1638	1638	0	0	0
CRE_58	673	673	0	0	0
CRE_59	526	526	0	0	0
CRE_60	1484	1484	102493	69.0654	69.0654
CRE_61	1209	1209	0	0	0
CRE_62	693	693	0	0	0
CRE_63	555	555	0	0	0
CRE_64	806	806	4842.19	6.00768	6.00768
CRE_65	1139	1139	0	0	0
CRE_66	832	832	0	0	0
CRE_67	874	874	0	0	0
CRE_68	928	928	6254.5	6.73976	6.73976
CRE_69	907	907	0	0	0
CRE_70	966	966	66176.6	68.5058	68.5058
CRE_71	1376	1376	0	0	0
CRE_72	565	565	0	0	0
CRE_73	357	357	0	0	0
CRE_74	1131	1131	28246.1	24.9745	24.9745
CRE_75	403	403	0	0	0
CRE_76	1532	1532	0	0	0
CRE_77	1304	1304	44992	34.5031	34.5031
CRE_78	993	993	43579.7	43.8869	43.8869
CRE_79	1214	1214	0	0	0
CRE_80	989	989	0	0	0
CRE_81	1811	1811	0	0	0
CRE_82	1152	1152	44185	38.355	38.355
CRE_83	319	319	0	0	0
CRE_84	1627	1627	0	0	0
CRE_85	1155	1155	53465.9	46.2908	46.2908
CRE_86	714	714	0	0	0
CRE_87	954	954	0	0	0
CRE_88	1341	1341	0	0	0
CRE_89	667	667	46807.9	70.1767	70.1767
CRE_90	1028	1028	0	0	0
CRE_91	1007	1007	0	0	0
CRE_92	201	201	807.032	4.01508	4.01508
CRE_93	1552	1552	0	0	0
CRE_94	1166	1166	0	0	0
CRE_95	540	540	0	0	0
CRE_96	736	736	0	0	0
CRE_97	1445	1445	0	0	0
CRE_98	961	961	17956.5	18.6852	18.6852
CRE_99	1844	1844	40351.6	21.8826	21.8826
CRE_100	946	946	0	0	0
CRE_101	224	224	0	0	0
CRE_102	300	300	27439.1	91.4636	91.4636
CRE_103	1934	1934	0	0	0
CRE_104	368	368	76062.8	206.692	206.692
CRE_105	1519	1519	23605.7	15.5403	15.5403
CRE_106	932	932	0	0	0
CRE_107	856	856	0	0	0
CRE_108	1299	1299	0	0	0
CRE_109	715	715	0	0	0
CRE_110	763	763	69001.2	90.4341	90.4341
CRE_111	1287	1287	259864	201.915	201.915
CRE_112	1291	1291	42369.2	32.8189	32.8189
CRE_113	713	713	0	0	0
CRE_114	827	827	0	0	0
CRE_115	217	217	0	0	0
CRE_116	918	918	0	0	0
CRE_117	1024	1024	35912.9	35.0712	35.0712
CRE_118	728	728	91598.1	125.822	125.822
CRE_119	1489	1489	72027.6	48.3731	48.3731
CRE_120	1613	1613	0	0	0
CRE_121	1421	1421	135380	95.2707	95.2707
CRE_122	1080	1080	0	0	0
CRE_123	1496	1496	61132.7	40.8641	40.8641
CRE_124	225	225	0	0	0
CRE_125	1027	1027	0	0	0
CRE_126	1783	1783	0	0	0
CRE_127	1823	1823	147283	80.7917	80.7917
CRE_128	1366	1366	0	0	0
CRE_129	1394	1394	181986	130.549	130.549
CRE_130	1873	1873	15131.8	8.07894	8.07894
CRE_131	290	290	53667.6	185.061	185.061
CRE_132	232	232	45799.1	197.41	197.41
CRE_133	458	458	30667.2	66.959	66.959
CRE_134	1023	1023	81308.5	79.4804	79.4804
CRE_135	1275	1275	92001.6	72.1582	72.1582
CRE_136	1309	1309	259057	197.905	197.905
CRE_137	1661	1661	21386.3	12.8756	12.8756
CRE_138	734	734	0	0	0
Mb21d2_control	1000	1000	1.02998e+06	1029.98	1029.98
Fgf12_control	1000	1000	581669	581.669	581.669
Wnt3_control	1000	1000	824384	824.384	824.384
Zic3_promoter	1000	1000	145266	145.266	145.266
Rnf12_promoter	1000	1000	33290.1	33.2901	33.2901
