name	size	covered	sum	mean0	mean 
CRE_1	1023	1023	419589	410.155	410.155
CRE_2	966	966	88788.2	91.9133	91.9133
CRE_3	703	703	5172.12	7.35721	7.35721
CRE_4	1453	1453	0	0	0
CRE_5	928	928	0	0	0
CRE_6	769	769	126932	165.062	165.062
CRE_7	1212	1212	0	0	0
CRE_8	979	979	45687.1	46.6671	46.6671
CRE_9	806	806	0	0	0
CRE_10	1639	1639	0	0	0
CRE_11	304	304	4094.6	13.4691	13.4691
CRE_12	740	740	41053.8	55.4781	55.4781
CRE_13	1078	1078	0	0	0
CRE_14	231	231	0	0	0
CRE_15	1149	1149	0	0	0
CRE_16	243	243	0	0	0
CRE_17	1025	1025	11852.8	11.5637	11.5637
CRE_18	885	885	124131	140.261	140.261
CRE_19	59	59	0	0	0
CRE_20	1356	1356	73918.2	54.512	54.512
CRE_21	266	266	0	0	0
CRE_22	1766	1766	226711	128.376	128.376
CRE_23	367	367	0	0	0
CRE_24	1349	1349	0	0	0
CRE_25	1570	1570	44609.5	28.4137	28.4137
CRE_26	1137	1137	0	0	0
CRE_27	1130	1130	0	0	0
CRE_28	681	681	0	0	0
CRE_29	1054	1054	0	0	0
CRE_30	1268	1268	0	0	0
CRE_31	1838	1838	0	0	0
CRE_32	825	825	52798.7	63.9985	63.9985
CRE_33	658	658	0	0	0
CRE_34	707	707	0	0	0
CRE_35	475	475	0	0	0
CRE_36	1607	1607	40730.4	25.3456	25.3456
CRE_37	874	874	0	0	0
CRE_38	1250	1250	113787	91.0293	91.0293
CRE_39	1432	1432	0	0	0
CRE_40	368	368	0	0	0
CRE_41	766	766	0	0	0
CRE_42	761	761	0	0	0
CRE_43	1781	1781	0	0	0
CRE_44	107	107	0	0	0
CRE_45	1087	1087	0	0	0
CRE_46	1107	1107	0	0	0
CRE_47	514	514	91805.1	178.609	178.609
CRE_48	1430	1430	0	0	0
CRE_49	782	782	93098.2	119.051	119.051
CRE_50	1162	1162	14869.8	12.7968	12.7968
CRE_51	1364	1364	897796	658.208	658.208
CRE_52	1378	1378	665373	482.854	482.854
CRE_53	954	954	379936	398.256	398.256
CRE_54	453	453	283390	625.585	625.585
CRE_55	1360	1360	560530	412.154	412.154
CRE_56	435	435	330370	759.471	759.471
CRE_57	1638	1638	2.62723e+06	1603.92	1603.92
CRE_58	673	673	56677.9	84.2167	84.2167
CRE_59	526	526	177361	337.188	337.188
CRE_60	1484	1484	577554	389.188	389.188
CRE_61	1209	1209	0	0	0
CRE_62	693	693	0	0	0
CRE_63	555	555	0	0	0
CRE_64	806	806	0	0	0
CRE_65	1139	1139	0	0	0
CRE_66	832	832	0	0	0
CRE_67	874	874	0	0	0
CRE_68	928	928	37497.9	40.4072	40.4072
CRE_69	907	907	0	0	0
CRE_70	966	966	0	0	0
CRE_71	1376	1376	18533.4	13.4691	13.4691
CRE_72	565	565	0	0	0
CRE_73	357	357	0	0	0
CRE_74	1131	1131	38790.9	34.2979	34.2979
CRE_75	403	403	0	0	0
CRE_76	1532	1532	0	0	0
CRE_77	1304	1304	0	0	0
CRE_78	993	993	0	0	0
CRE_79	1214	1214	0	0	0
CRE_80	989	989	0	0	0
CRE_81	1811	1811	0	0	0
CRE_82	1152	1152	0	0	0
CRE_83	319	319	53445.3	167.54	167.54
CRE_84	1627	1627	95253.2	58.5453	58.5453
CRE_85	1155	1155	48919.6	42.3547	42.3547
CRE_86	714	714	0	0	0
CRE_87	954	954	0	0	0
CRE_88	1341	1341	0	0	0
CRE_89	667	667	0	0	0
CRE_90	1028	1028	0	0	0
CRE_91	1007	1007	40946	40.6613	40.6613
CRE_92	201	201	0	0	0
CRE_93	1552	1552	0	0	0
CRE_94	1166	1166	0	0	0
CRE_95	540	540	0	0	0
CRE_96	736	736	0	0	0
CRE_97	1445	1445	0	0	0
CRE_98	961	961	0	0	0
CRE_99	1844	1844	0	0	0
CRE_100	946	946	0	0	0
CRE_101	224	224	0	0	0
CRE_102	300	300	64220.5	214.068	214.068
CRE_103	1934	1934	39437.4	20.3916	20.3916
CRE_104	368	368	151500	411.686	411.686
CRE_105	1519	1519	148483	97.7505	97.7505
CRE_106	932	932	0	0	0
CRE_107	856	856	118097	137.964	137.964
CRE_108	1299	1299	35342.8	27.2077	27.2077
CRE_109	715	715	0	0	0
CRE_110	763	763	57108.8	74.8477	74.8477
CRE_111	1287	1287	0	0	0
CRE_112	1291	1291	0	0	0
CRE_113	713	713	42023.5	58.939	58.939
CRE_114	827	827	0	0	0
CRE_115	217	217	0	0	0
CRE_116	918	918	0	0	0
CRE_117	1024	1024	0	0	0
CRE_118	728	728	6465.15	8.8807	8.8807
CRE_119	1489	1489	0	0	0
CRE_120	1613	1613	0	0	0
CRE_121	1421	1421	49781.7	35.0328	35.0328
CRE_122	1080	1080	0	0	0
CRE_123	1496	1496	82969.4	55.4608	55.4608
CRE_124	225	225	0	0	0
CRE_125	1027	1027	0	0	0
CRE_126	1783	1783	0	0	0
CRE_127	1823	1823	132536	72.702	72.702
CRE_128	1366	1366	67022.1	49.0645	49.0645
CRE_129	1394	1394	69177.1	49.6249	49.6249
CRE_130	1873	1873	53876.3	28.7647	28.7647
CRE_131	290	290	0	0	0
CRE_132	232	232	0	0	0
CRE_133	458	458	0	0	0
CRE_134	1023	1023	0	0	0
CRE_135	1275	1275	23059	18.0855	18.0855
CRE_136	1309	1309	42670	32.5974	32.5974
CRE_137	1661	1661	0	0	0
CRE_138	734	734	0	0	0
Mb21d2_control	1000	1000	1.80831e+06	1808.31	1808.31
Fgf12_control	1000	1000	939603	939.603	939.603
Wnt3_control	1000	1000	927751	927.751	927.751
Zic3_promoter	1000	1000	168094	168.094	168.094
Rnf12_promoter	1000	1000	0	0	0
