name	size	covered	sum	mean0	mean 
CRE_1	1023	1023	171535	167.679	167.679
CRE_2	966	966	84627.6	87.6062	87.6062
CRE_3	703	703	49661.7	70.6425	70.6425
CRE_4	1453	1453	0	0	0
CRE_5	928	928	0	0	0
CRE_6	769	769	94002.5	122.24	122.24
CRE_7	1212	1212	0	0	0
CRE_8	979	979	102870	105.077	105.077
CRE_9	806	806	0	0	0
CRE_10	1639	1639	0	0	0
CRE_11	304	304	0	0	0
CRE_12	740	740	52195.5	70.5344	70.5344
CRE_13	1078	1078	0	0	0
CRE_14	231	231	0	0	0
CRE_15	1149	1149	0	0	0
CRE_16	243	243	0	0	0
CRE_17	1025	1025	0	0	0
CRE_18	885	885	0	0	0
CRE_19	59	59	0	0	0
CRE_20	1356	1356	0	0	0
CRE_21	266	266	0	0	0
CRE_22	1766	1766	109965	62.2679	62.2679
CRE_23	367	367	0	0	0
CRE_24	1349	1349	16976.2	12.5843	12.5843
CRE_25	1570	1570	0	0	0
CRE_26	1137	1137	0	0	0
CRE_27	1130	1130	0	0	0
CRE_28	681	681	0	0	0
CRE_29	1054	1054	0	0	0
CRE_30	1268	1268	0	0	0
CRE_31	1838	1838	0	0	0
CRE_32	825	825	0	0	0
CRE_33	658	658	0	0	0
CRE_34	707	707	0	0	0
CRE_35	475	475	0	0	0
CRE_36	1607	1607	0	0	0
CRE_37	874	874	0	0	0
CRE_38	1250	1250	0	0	0
CRE_39	1432	1432	0	0	0
CRE_40	368	368	40793.5	110.852	110.852
CRE_41	766	766	0	0	0
CRE_42	761	761	47634.7	62.5949	62.5949
CRE_43	1781	1781	0	0	0
CRE_44	107	107	0	0	0
CRE_45	1087	1087	0	0	0
CRE_46	1107	1107	0	0	0
CRE_47	514	514	0	0	0
CRE_48	1430	1430	0	0	0
CRE_49	782	782	0	0	0
CRE_50	1162	1162	22550.5	19.4066	19.4066
CRE_51	1364	1364	48901.6	35.8516	35.8516
CRE_52	1378	1378	42060.4	30.5228	30.5228
CRE_53	954	954	0	0	0
CRE_54	453	453	48648.1	107.391	107.391
CRE_55	1360	1360	89441.7	65.766	65.766
CRE_56	435	435	417309	959.331	959.331
CRE_57	1638	1638	1.16325e+06	710.163	710.163
CRE_58	673	673	0	0	0
CRE_59	526	526	55742.7	105.975	105.975
CRE_60	1484	1484	208782	140.688	140.688
CRE_61	1209	1209	0	0	0
CRE_62	693	693	0	0	0
CRE_63	555	555	0	0	0
CRE_64	806	806	0	0	0
CRE_65	1139	1139	0	0	0
CRE_66	832	832	0	0	0
CRE_67	874	874	0	0	0
CRE_68	928	928	9121.54	9.82924	9.82924
CRE_69	907	907	0	0	0
CRE_70	966	966	0	0	0
CRE_71	1376	1376	56502.8	41.0631	41.0631
CRE_72	565	565	63850.8	113.01	113.01
CRE_73	357	357	0	0	0
CRE_74	1131	1131	0	0	0
CRE_75	403	403	0	0	0
CRE_76	1532	1532	0	0	0
CRE_77	1304	1304	0	0	0
CRE_78	993	993	49661.7	50.0118	50.0118
CRE_79	1214	1214	0	0	0
CRE_80	989	989	0	0	0
CRE_81	1811	1811	0	0	0
CRE_82	1152	1152	0	0	0
CRE_83	319	319	119593	374.9	374.9
CRE_84	1627	1627	0	0	0
CRE_85	1155	1155	0	0	0
CRE_86	714	714	0	0	0
CRE_87	954	954	0	0	0
CRE_88	1341	1341	0	0	0
CRE_89	667	667	0	0	0
CRE_90	1028	1028	53208.9	51.7596	51.7596
CRE_91	1007	1007	0	0	0
CRE_92	201	201	0	0	0
CRE_93	1552	1552	16722.8	10.775	10.775
CRE_94	1166	1166	60303.5	51.7183	51.7183
CRE_95	540	540	123141	228.038	228.038
CRE_96	736	736	0	0	0
CRE_97	1445	1445	42567.2	29.4582	29.4582
CRE_98	961	961	0	0	0
CRE_99	1844	1844	0	0	0
CRE_100	946	946	0	0	0
CRE_101	224	224	0	0	0
CRE_102	300	300	0	0	0
CRE_103	1934	1934	81840.5	42.3167	42.3167
CRE_104	368	368	0	0	0
CRE_105	1519	1519	0	0	0
CRE_106	932	932	0	0	0
CRE_107	856	856	0	0	0
CRE_108	1299	1299	0	0	0
CRE_109	715	715	0	0	0
CRE_110	763	763	0	0	0
CRE_111	1287	1287	0	0	0
CRE_112	1291	1291	0	0	0
CRE_113	713	713	61063.6	85.6432	85.6432
CRE_114	827	827	130742	158.092	158.092
CRE_115	217	217	0	0	0
CRE_116	918	918	0	0	0
CRE_117	1024	1024	0	0	0
CRE_118	728	728	50928.6	69.9568	69.9568
CRE_119	1489	1489	3547.26	2.38231	2.38231
CRE_120	1613	1613	0	0	0
CRE_121	1421	1421	32938.8	23.18	23.18
CRE_122	1080	1080	59036.6	54.6635	54.6635
CRE_123	1496	1496	86401.2	57.7548	57.7548
CRE_124	225	225	22297.1	99.0982	99.0982
CRE_125	1027	1027	0	0	0
CRE_126	1783	1783	0	0	0
CRE_127	1823	1823	186991	102.573	102.573
CRE_128	1366	1366	0	0	0
CRE_129	1394	1394	0	0	0
CRE_130	1873	1873	50168.4	26.7851	26.7851
CRE_131	290	290	33445.6	115.33	115.33
CRE_132	232	232	27871.4	120.135	120.135
CRE_133	458	458	0	0	0
CRE_134	1023	1023	150252	146.874	146.874
CRE_135	1275	1275	0	0	0
CRE_136	1309	1309	0	0	0
CRE_137	1661	1661	51688.6	31.119	31.119
CRE_138	734	734	32938.9	44.8759	44.8759
Mb21d2_control	1000	1000	708692	708.692	708.692
Fgf12_control	1000	1000	1.33985e+06	1339.85	1339.85
Wnt3_control	1000	1000	381837	381.837	381.837
Zic3_promoter	1000	1000	107431	107.431	107.431
Rnf12_promoter	1000	1000	32938.8	32.9388	32.9388
