name	size	covered	sum	mean0	mean 
CRE_1	1023	1023	145373	142.105	142.105
CRE_2	966	966	112122	116.068	116.068
CRE_3	703	703	6595.39	9.38178	9.38178
CRE_4	1453	1453	19236.6	13.2392	13.2392
CRE_5	928	928	0	0	0
CRE_6	769	769	20335.8	26.4445	26.4445
CRE_7	1212	1212	45068.5	37.1852	37.1852
CRE_8	979	979	145373	148.492	148.492
CRE_9	806	806	17587.7	21.821	21.821
CRE_10	1639	1639	0	0	0
CRE_11	304	304	91236.2	300.119	300.119
CRE_12	740	740	121190	163.771	163.771
CRE_13	1078	1078	89587.4	83.1052	83.1052
CRE_14	231	231	6870.2	29.7411	29.7411
CRE_15	1149	1149	73373.7	63.8588	63.8588
CRE_16	243	243	0	0	0
CRE_17	1025	1025	0	0	0
CRE_18	885	885	30503.7	34.4674	34.4674
CRE_19	59	59	0	0	0
CRE_20	1356	1356	0	0	0
CRE_21	266	266	34076.2	128.106	128.106
CRE_22	1766	1766	177526	100.524	100.524
CRE_23	367	367	0	0	0
CRE_24	1349	1349	105526	78.2256	78.2256
CRE_25	1570	1570	108000	68.7895	68.7895
CRE_26	1137	1137	85740	75.409	75.409
CRE_27	1130	1130	0	0	0
CRE_28	681	681	0	0	0
CRE_29	1054	1054	0	0	0
CRE_30	1268	1268	0	0	0
CRE_31	1838	1838	0	0	0
CRE_32	825	825	0	0	0
CRE_33	658	658	0	0	0
CRE_34	707	707	0	0	0
CRE_35	475	475	0	0	0
CRE_36	1607	1607	0	0	0
CRE_37	874	874	0	0	0
CRE_38	1250	1250	247877	198.301	198.301
CRE_39	1432	1432	0	0	0
CRE_40	368	368	0	0	0
CRE_41	766	766	0	0	0
CRE_42	761	761	0	0	0
CRE_43	1781	1781	0	0	0
CRE_44	107	107	0	0	0
CRE_45	1087	1087	0	0	0
CRE_46	1107	1107	0	0	0
CRE_47	514	514	0	0	0
CRE_48	1430	1430	154992	108.386	108.386
CRE_49	782	782	128335	164.112	164.112
CRE_50	1162	1162	0	0	0
CRE_51	1364	1364	91511.1	67.0902	67.0902
CRE_52	1378	1378	104427	75.7816	75.7816
CRE_53	954	954	115969	121.561	121.561
CRE_54	453	453	0	0	0
CRE_55	1360	1360	0	0	0
CRE_56	435	435	99755.2	229.322	229.322
CRE_57	1638	1638	1.10198e+06	672.759	672.759
CRE_58	673	673	57984.5	86.1582	86.1582
CRE_59	526	526	0	0	0
CRE_60	1484	1484	1.0701e+06	721.093	721.093
CRE_61	1209	1209	0	0	0
CRE_62	693	693	0	0	0
CRE_63	555	555	121740	219.351	219.351
CRE_64	806	806	45343.3	56.2572	56.2572
CRE_65	1139	1139	53862.4	47.2892	47.2892
CRE_66	832	832	0	0	0
CRE_67	874	874	0	0	0
CRE_68	928	928	267388	288.133	288.133
CRE_69	907	907	130809	144.221	144.221
CRE_70	966	966	35450.2	36.698	36.698
CRE_71	1376	1376	126686	92.0686	92.0686
CRE_72	565	565	0	0	0
CRE_73	357	357	42595.2	119.314	119.314
CRE_74	1131	1131	0	0	0
CRE_75	403	403	0	0	0
CRE_76	1532	1532	258045	168.437	168.437
CRE_77	1304	1304	103053	79.0284	79.0284
CRE_78	993	993	0	0	0
CRE_79	1214	1214	108824	89.6408	89.6408
CRE_80	989	989	0	0	0
CRE_81	1811	1811	14564.8	8.04242	8.04242
CRE_82	1152	1152	0	0	0
CRE_83	319	319	0	0	0
CRE_84	1627	1627	0	0	0
CRE_85	1155	1155	34900.6	30.217	30.217
CRE_86	714	714	0	0	0
CRE_87	954	954	39572.4	41.4805	41.4805
CRE_88	1341	1341	60183	44.8792	44.8792
CRE_89	667	667	0	0	0
CRE_90	1028	1028	129160	125.642	125.642
CRE_91	1007	1007	0	0	0
CRE_92	201	201	13465.6	66.993	66.993
CRE_93	1552	1552	79144.7	50.9953	50.9953
CRE_94	1166	1166	50289.9	43.1302	43.1302
CRE_95	540	540	0	0	0
CRE_96	736	736	72274.5	98.1991	98.1991
CRE_97	1445	1445	0	0	0
CRE_98	961	961	0	0	0
CRE_99	1844	1844	53862.4	29.2095	29.2095
CRE_100	946	946	115969	122.589	122.589
CRE_101	224	224	0	0	0
CRE_102	300	300	30228.9	100.763	100.763
CRE_103	1934	1934	0	0	0
CRE_104	368	368	134931	366.66	366.66
CRE_105	1519	1519	127786	84.1249	84.1249
CRE_106	932	932	0	0	0
CRE_107	856	856	36274.7	42.3769	42.3769
CRE_108	1299	1299	0	0	0
CRE_109	715	715	0	0	0
CRE_110	763	763	75022.6	98.3258	98.3258
CRE_111	1287	1287	322075	250.253	250.253
CRE_112	1291	1291	60183	46.6173	46.6173
CRE_113	713	713	167358	234.724	234.724
CRE_114	827	827	29679.3	35.8879	35.8879
CRE_115	217	217	58259.2	268.476	268.476
CRE_116	918	918	37923.5	41.311	41.311
CRE_117	1024	1024	0	0	0
CRE_118	728	728	103877	142.689	142.689
CRE_119	1489	1489	60732.6	40.7875	40.7875
CRE_120	1613	1613	59908.1	37.1408	37.1408
CRE_121	1421	1421	0	0	0
CRE_122	1080	1080	0	0	0
CRE_123	1496	1496	0	0	0
CRE_124	225	225	0	0	0
CRE_125	1027	1027	0	0	0
CRE_126	1783	1783	140152	78.6046	78.6046
CRE_127	1823	1823	241281	132.354	132.354
CRE_128	1366	1366	0	0	0
CRE_129	1394	1394	78869.9	56.5781	56.5781
CRE_130	1873	1873	105801	56.4875	56.4875
CRE_131	290	290	44793.7	154.461	154.461
CRE_132	232	232	33526.6	144.511	144.511
CRE_133	458	458	0	0	0
CRE_134	1023	1023	13190.8	12.8942	12.8942
CRE_135	1275	1275	0	0	0
CRE_136	1309	1309	0	0	0
CRE_137	1661	1661	0	0	0
CRE_138	734	734	14839.6	20.2175	20.2175
Mb21d2_control	1000	1000	634531	634.531	634.531
Fgf12_control	1000	1000	1.03108e+06	1031.08	1031.08
Wnt3_control	1000	1000	1.16051e+06	1160.51	1160.51
Zic3_promoter	1000	1000	137679	137.679	137.679
Rnf12_promoter	1000	1000	0	0	0
