name	size	covered	sum	mean0	mean 
CRE_1	1023	1023	60077.5	58.7268	58.7268
CRE_2	966	966	282929	292.887	292.887
CRE_3	703	703	0	0	0
CRE_4	1453	1453	0	0	0
CRE_5	928	928	0	0	0
CRE_6	769	769	0	0	0
CRE_7	1212	1212	0	0	0
CRE_8	979	979	96534.8	98.6055	98.6055
CRE_9	806	806	0	0	0
CRE_10	1639	1639	0	0	0
CRE_11	304	304	0	0	0
CRE_12	740	740	0	0	0
CRE_13	1078	1078	104237	96.6948	96.6948
CRE_14	231	231	0	0	0
CRE_15	1149	1149	123236	107.255	107.255
CRE_16	243	243	0	0	0
CRE_17	1025	1025	0	0	0
CRE_18	885	885	73941.5	83.5498	83.5498
CRE_19	59	59	0	0	0
CRE_20	1356	1356	0	0	0
CRE_21	266	266	0	0	0
CRE_22	1766	1766	151477	85.7743	85.7743
CRE_23	367	367	0	0	0
CRE_24	1349	1349	226446	167.862	167.862
CRE_25	1570	1570	0	0	0
CRE_26	1137	1137	0	0	0
CRE_27	1130	1130	0	0	0
CRE_28	681	681	0	0	0
CRE_29	1054	1054	0	0	0
CRE_30	1268	1268	0	0	0
CRE_31	1838	1838	0	0	0
CRE_32	825	825	0	0	0
CRE_33	658	658	0	0	0
CRE_34	707	707	0	0	0
CRE_35	475	475	0	0	0
CRE_36	1607	1607	0	0	0
CRE_37	874	874	0	0	0
CRE_38	1250	1250	120668	96.5348	96.5348
CRE_39	1432	1432	0	0	0
CRE_40	368	368	0	0	0
CRE_41	766	766	0	0	0
CRE_42	761	761	0	0	0
CRE_43	1781	1781	72914.6	40.9402	40.9402
CRE_44	107	107	0	0	0
CRE_45	1087	1087	0	0	0
CRE_46	1107	1107	0	0	0
CRE_47	514	514	0	0	0
CRE_48	1430	1430	0	0	0
CRE_49	782	782	0	0	0
CRE_50	1162	1162	0	0	0
CRE_51	1364	1364	291145	213.449	213.449
CRE_52	1378	1378	0	0	0
CRE_53	954	954	106804	111.954	111.954
CRE_54	453	453	0	0	0
CRE_55	1360	1360	173044	127.238	127.238
CRE_56	435	435	0	0	0
CRE_57	1638	1638	2.93918e+06	1794.37	1794.37
CRE_58	673	673	82670.8	122.839	122.839
CRE_59	526	526	803088	1526.78	1526.78
CRE_60	1484	1484	1.7479e+06	1177.83	1177.83
CRE_61	1209	1209	38511.2	31.8538	31.8538
CRE_62	693	693	0	0	0
CRE_63	555	555	105777	190.59	190.59
CRE_64	806	806	21052.8	26.1201	26.1201
CRE_65	1139	1139	0	0	0
CRE_66	832	832	0	0	0
CRE_67	874	874	0	0	0
CRE_68	928	928	309118	333.101	333.101
CRE_69	907	907	0	0	0
CRE_70	966	966	118615	122.789	122.789
CRE_71	1376	1376	70860.7	51.4976	51.4976
CRE_72	565	565	0	0	0
CRE_73	357	357	0	0	0
CRE_74	1131	1131	0	0	0
CRE_75	403	403	0	0	0
CRE_76	1532	1532	0	0	0
CRE_77	1304	1304	0	0	0
CRE_78	993	993	0	0	0
CRE_79	1214	1214	0	0	0
CRE_80	989	989	0	0	0
CRE_81	1811	1811	0	0	0
CRE_82	1152	1152	0	0	0
CRE_83	319	319	0	0	0
CRE_84	1627	1627	0	0	0
CRE_85	1155	1155	203339	176.051	176.051
CRE_86	714	714	0	0	0
CRE_87	954	954	0	0	0
CRE_88	1341	1341	100643	75.0505	75.0505
CRE_89	667	667	0	0	0
CRE_90	1028	1028	130425	126.872	126.872
CRE_91	1007	1007	0	0	0
CRE_92	201	201	0	0	0
CRE_93	1552	1552	0	0	0
CRE_94	1166	1166	81643.8	70.0204	70.0204
CRE_95	540	540	0	0	0
CRE_96	736	736	0	0	0
CRE_97	1445	1445	104751	72.4917	72.4917
CRE_98	961	961	0	0	0
CRE_99	1844	1844	0	0	0
CRE_100	946	946	0	0	0
CRE_101	224	224	0	0	0
CRE_102	300	300	0	0	0
CRE_103	1934	1934	0	0	0
CRE_104	368	368	54429.2	147.905	147.905
CRE_105	1519	1519	107831	70.9884	70.9884
CRE_106	932	932	0	0	0
CRE_107	856	856	0	0	0
CRE_108	1299	1299	0	0	0
CRE_109	715	715	0	0	0
CRE_110	763	763	435947	571.359	571.359
CRE_111	1287	1287	63158.4	49.0741	49.0741
CRE_112	1291	1291	31835.9	24.6599	24.6599
CRE_113	713	713	0	0	0
CRE_114	827	827	0	0	0
CRE_115	217	217	0	0	0
CRE_116	918	918	0	0	0
CRE_117	1024	1024	0	0	0
CRE_118	728	728	0	0	0
CRE_119	1489	1489	0	0	0
CRE_120	1613	1613	93967.4	58.2563	58.2563
CRE_121	1421	1421	0	0	0
CRE_122	1080	1080	0	0	0
CRE_123	1496	1496	0	0	0
CRE_124	225	225	0	0	0
CRE_125	1027	1027	0	0	0
CRE_126	1783	1783	37997.7	21.3111	21.3111
CRE_127	1823	1823	111426	61.1222	61.1222
CRE_128	1366	1366	282416	206.746	206.746
CRE_129	1394	1394	27728.1	19.891	19.891
CRE_130	1873	1873	0	0	0
CRE_131	290	290	59564	205.393	205.393
CRE_132	232	232	0	0	0
CRE_133	458	458	0	0	0
CRE_134	1023	1023	0	0	0
CRE_135	1275	1275	130938	102.697	102.697
CRE_136	1309	1309	41078.6	31.3817	31.3817
CRE_137	1661	1661	15404.5	9.27423	9.27423
CRE_138	734	734	0	0	0
Mb21d2_control	1000	1000	1.5004e+06	1500.4	1500.4
Fgf12_control	1000	1000	1.32735e+06	1327.35	1327.35
Wnt3_control	1000	1000	190503	190.503	190.503
Zic3_promoter	1000	1000	0	0	0
Rnf12_promoter	1000	1000	0	0	0
