name	size	covered	sum	mean0	mean 
CRE_1	1023	1023	325610	318.289	318.289
CRE_2	966	966	182312	188.729	188.729
CRE_3	703	703	0	0	0
CRE_4	1453	1453	61097.9	42.0495	42.0495
CRE_5	928	928	0	0	0
CRE_6	769	769	73366.5	95.4051	95.4051
CRE_7	1212	1212	93487.1	77.1346	77.1346
CRE_8	979	979	0	0	0
CRE_9	806	806	41222.7	51.1447	51.1447
CRE_10	1639	1639	0	0	0
CRE_11	304	304	204887	673.969	673.969
CRE_12	740	740	161210	217.851	217.851
CRE_13	1078	1078	0	0	0
CRE_14	231	231	118515	513.053	513.053
CRE_15	1149	1149	0	0	0
CRE_16	243	243	0	0	0
CRE_17	1025	1025	12268.7	11.9694	11.9694
CRE_18	885	885	0	0	0
CRE_19	59	59	0	0	0
CRE_20	1356	1356	0	0	0
CRE_21	266	266	0	0	0
CRE_22	1766	1766	221081	125.188	125.188
CRE_23	367	367	17421.5	47.47	47.47
CRE_24	1349	1349	54472.8	40.3801	40.3801
CRE_25	1570	1570	0	0	0
CRE_26	1137	1137	0	0	0
CRE_27	1130	1130	103302	91.4177	91.4177
CRE_28	681	681	0	0	0
CRE_29	1054	1054	0	0	0
CRE_30	1268	1268	0	0	0
CRE_31	1838	1838	0	0	0
CRE_32	825	825	0	0	0
CRE_33	658	658	53982.1	82.0396	82.0396
CRE_34	707	707	0	0	0
CRE_35	475	475	0	0	0
CRE_36	1607	1607	0	0	0
CRE_37	874	874	0	0	0
CRE_38	1250	1250	138145	110.516	110.516
CRE_39	1432	1432	0	0	0
CRE_40	368	368	3435.22	9.33484	9.33484
CRE_41	766	766	0	0	0
CRE_42	761	761	54963.6	72.2254	72.2254
CRE_43	1781	1781	0	0	0
CRE_44	107	107	13740.9	128.42	128.42
CRE_45	1087	1087	24782.7	22.7991	22.7991
CRE_46	1107	1107	0	0	0
CRE_47	514	514	0	0	0
CRE_48	1430	1430	0	0	0
CRE_49	782	782	98885.3	126.452	126.452
CRE_50	1162	1162	88579.7	76.2303	76.2303
CRE_51	1364	1364	179122	131.321	131.321
CRE_52	1378	1378	30426.3	22.08	22.08
CRE_53	954	954	0	0	0
CRE_54	453	453	14967.8	33.0414	33.0414
CRE_55	1360	1360	156793	115.289	115.289
CRE_56	435	435	13250.1	30.4601	30.4601
CRE_57	1638	1638	959164	585.57	585.57
CRE_58	673	673	24291.9	36.095	36.095
CRE_59	526	526	162928	309.749	309.749
CRE_60	1484	1484	816603	550.271	550.271
CRE_61	1209	1209	70176.7	58.0452	58.0452
CRE_62	693	693	81709.2	117.907	117.907
CRE_63	555	555	19629.8	35.3691	35.3691
CRE_64	806	806	0	0	0
CRE_65	1139	1139	44167.1	38.7771	38.7771
CRE_66	832	832	0	0	0
CRE_67	874	874	0	0	0
CRE_68	928	928	151886	163.67	163.67
CRE_69	907	907	0	0	0
CRE_70	966	966	0	0	0
CRE_71	1376	1376	47847.7	34.7731	34.7731
CRE_72	565	565	18893.7	33.4402	33.4402
CRE_73	357	357	0	0	0
CRE_74	1131	1131	0	0	0
CRE_75	403	403	78274	194.228	194.228
CRE_76	1532	1532	0	0	0
CRE_77	1304	1304	114098	87.4988	87.4988
CRE_78	993	993	0	0	0
CRE_79	1214	1214	0	0	0
CRE_80	989	989	0	0	0
CRE_81	1811	1811	0	0	0
CRE_82	1152	1152	0	0	0
CRE_83	319	319	0	0	0
CRE_84	1627	1627	55454.3	34.0838	34.0838
CRE_85	1155	1155	144034	124.705	124.705
CRE_86	714	714	0	0	0
CRE_87	954	954	45394	47.5828	47.5828
CRE_88	1341	1341	19875.2	14.8212	14.8212
CRE_89	667	667	0	0	0
CRE_90	1028	1028	0	0	0
CRE_91	1007	1007	0	0	0
CRE_92	201	201	39505.1	196.543	196.543
CRE_93	1552	1552	0	0	0
CRE_94	1166	1166	0	0	0
CRE_95	540	540	0	0	0
CRE_96	736	736	27972.5	38.0061	38.0061
CRE_97	1445	1445	0	0	0
CRE_98	961	961	49810.7	51.8322	51.8322
CRE_99	1844	1844	0	0	0
CRE_100	946	946	0	0	0
CRE_101	224	224	0	0	0
CRE_102	300	300	0	0	0
CRE_103	1934	1934	0	0	0
CRE_104	368	368	31898.5	86.6807	86.6807
CRE_105	1519	1519	0	0	0
CRE_106	932	932	20366	21.8519	21.8519
CRE_107	856	856	0	0	0
CRE_108	1299	1299	0	0	0
CRE_109	715	715	0	0	0
CRE_110	763	763	0	0	0
CRE_111	1287	1287	159247	123.735	123.735
CRE_112	1291	1291	82936.1	64.2417	64.2417
CRE_113	713	713	162682	228.166	228.166
CRE_114	827	827	141580	171.197	171.197
CRE_115	217	217	7115.82	32.7918	32.7918
CRE_116	918	918	0	0	0
CRE_117	1024	1024	0	0	0
CRE_118	728	728	66496.1	91.3408	91.3408
CRE_119	1489	1489	31407.7	21.0932	21.0932
CRE_120	1613	1613	105756	65.5646	65.5646
CRE_121	1421	1421	25518.8	17.9583	17.9583
CRE_122	1080	1080	0	0	0
CRE_123	1496	1496	0	0	0
CRE_124	225	225	0	0	0
CRE_125	1027	1027	0	0	0
CRE_126	1783	1783	0	0	0
CRE_127	1823	1823	244392	134.06	134.06
CRE_128	1366	1366	62815.5	45.985	45.985
CRE_129	1394	1394	0	0	0
CRE_130	1873	1873	0	0	0
CRE_131	290	290	0	0	0
CRE_132	232	232	0	0	0
CRE_133	458	458	103793	226.622	226.622
CRE_134	1023	1023	0	0	0
CRE_135	1275	1275	0	0	0
CRE_136	1309	1309	47357	36.178	36.178
CRE_137	1661	1661	0	0	0
CRE_138	734	734	0	0	0
Mb21d2_control	1000	1000	1.00799e+06	1007.99	1007.99
Fgf12_control	1000	1000	1.56695e+06	1566.95	1566.95
Wnt3_control	1000	1000	963827	963.827	963.827
Zic3_promoter	1000	1000	169553	169.553	169.553
Rnf12_promoter	1000	1000	0	0	0
