name	size	covered	sum	mean0	mean 
CRE_1	1023	1023	174758	170.829	170.829
CRE_2	966	966	307779	318.612	318.612
CRE_3	703	703	52777.5	75.0747	75.0747
CRE_4	1453	1453	0	0	0
CRE_5	928	928	0	0	0
CRE_6	769	769	0	0	0
CRE_7	1212	1212	0	0	0
CRE_8	979	979	111748	114.145	114.145
CRE_9	806	806	0	0	0
CRE_10	1639	1639	39313.8	23.9864	23.9864
CRE_11	304	304	53854.6	177.153	177.153
CRE_12	740	740	37428.9	50.5797	50.5797
CRE_13	1078	1078	0	0	0
CRE_14	231	231	72703.7	314.735	314.735
CRE_15	1149	1149	0	0	0
CRE_16	243	243	0	0	0
CRE_17	1025	1025	0	0	0
CRE_18	885	885	17233.5	19.4729	19.4729
CRE_19	59	59	0	0	0
CRE_20	1356	1356	93168.5	68.7083	68.7083
CRE_21	266	266	0	0	0
CRE_22	1766	1766	101516	57.4835	57.4835
CRE_23	367	367	0	0	0
CRE_24	1349	1349	0	0	0
CRE_25	1570	1570	0	0	0
CRE_26	1137	1137	0	0	0
CRE_27	1130	1130	0	0	0
CRE_28	681	681	93976.2	137.997	137.997
CRE_29	1054	1054	0	0	0
CRE_30	1268	1268	32851.3	25.908	25.908
CRE_31	1838	1838	0	0	0
CRE_32	825	825	0	0	0
CRE_33	658	658	0	0	0
CRE_34	707	707	0	0	0
CRE_35	475	475	0	0	0
CRE_36	1607	1607	0	0	0
CRE_37	874	874	0	0	0
CRE_38	1250	1250	205186	164.149	164.149
CRE_39	1432	1432	72165.2	50.3947	50.3947
CRE_40	368	368	49815.5	135.368	135.368
CRE_41	766	766	51431.1	67.1425	67.1425
CRE_42	761	761	0	0	0
CRE_43	1781	1781	0	0	0
CRE_44	107	107	0	0	0
CRE_45	1087	1087	73780.8	67.8756	67.8756
CRE_46	1107	1107	0	0	0
CRE_47	514	514	0	0	0
CRE_48	1430	1430	0	0	0
CRE_49	782	782	23696	30.3018	30.3018
CRE_50	1162	1162	7001.1	6.02504	6.02504
CRE_51	1364	1364	16694.9	12.2397	12.2397
CRE_52	1378	1378	2288.81	1.66097	1.66097
CRE_53	954	954	14810	15.5241	15.5241
CRE_54	453	453	0	0	0
CRE_55	1360	1360	0	0	0
CRE_56	435	435	132482	304.557	304.557
CRE_57	1638	1638	1.33371e+06	814.229	814.229
CRE_58	673	673	0	0	0
CRE_59	526	526	158871	302.036	302.036
CRE_60	1484	1484	914719	616.388	616.388
CRE_61	1209	1209	0	0	0
CRE_62	693	693	0	0	0
CRE_63	555	555	44699.3	80.5393	80.5393
CRE_64	806	806	29350.8	36.4153	36.4153
CRE_65	1139	1139	46853.5	41.1356	41.1356
CRE_66	832	832	0	0	0
CRE_67	874	874	0	0	0
CRE_68	928	928	83205.4	89.6609	89.6609
CRE_69	907	907	0	0	0
CRE_70	966	966	106363	110.106	110.106
CRE_71	1376	1376	77281.4	56.1638	56.1638
CRE_72	565	565	0	0	0
CRE_73	357	357	0	0	0
CRE_74	1131	1131	0	0	0
CRE_75	403	403	0	0	0
CRE_76	1532	1532	106632	69.6032	69.6032
CRE_77	1304	1304	173950	133.397	133.397
CRE_78	993	993	0	0	0
CRE_79	1214	1214	0	0	0
CRE_80	989	989	0	0	0
CRE_81	1811	1811	0	0	0
CRE_82	1152	1152	0	0	0
CRE_83	319	319	0	0	0
CRE_84	1627	1627	110940	68.1871	68.1871
CRE_85	1155	1155	0	0	0
CRE_86	714	714	0	0	0
CRE_87	954	954	67318.3	70.5642	70.5642
CRE_88	1341	1341	0	0	0
CRE_89	667	667	0	0	0
CRE_90	1028	1028	0	0	0
CRE_91	1007	1007	0	0	0
CRE_92	201	201	0	0	0
CRE_93	1552	1552	45507.1	29.3216	29.3216
CRE_94	1166	1166	0	0	0
CRE_95	540	540	0	0	0
CRE_96	736	736	96938.3	131.71	131.71
CRE_97	1445	1445	0	0	0
CRE_98	961	961	30966.4	32.2231	32.2231
CRE_99	1844	1844	190915	103.533	103.533
CRE_100	946	946	20195.5	21.3483	21.3483
CRE_101	224	224	0	0	0
CRE_102	300	300	0	0	0
CRE_103	1934	1934	0	0	0
CRE_104	368	368	0	0	0
CRE_105	1519	1519	155101	102.107	102.107
CRE_106	932	932	28273.7	30.3366	30.3366
CRE_107	856	856	0	0	0
CRE_108	1299	1299	0	0	0
CRE_109	715	715	0	0	0
CRE_110	763	763	43891.5	57.5249	57.5249
CRE_111	1287	1287	13732.9	10.6705	10.6705
CRE_112	1291	1291	123596	95.7369	95.7369
CRE_113	713	713	0	0	0
CRE_114	827	827	17502.7	21.1641	21.1641
CRE_115	217	217	0	0	0
CRE_116	918	918	80243.4	87.4111	87.4111
CRE_117	1024	1024	0	0	0
CRE_118	728	728	65702.6	90.2508	90.2508
CRE_119	1489	1489	0	0	0
CRE_120	1613	1613	29620	18.3633	18.3633
CRE_121	1421	1421	0	0	0
CRE_122	1080	1080	0	0	0
CRE_123	1496	1496	0	0	0
CRE_124	225	225	0	0	0
CRE_125	1027	1027	0	0	0
CRE_126	1783	1783	0	0	0
CRE_127	1823	1823	88860.1	48.7439	48.7439
CRE_128	1366	1366	0	0	0
CRE_129	1394	1394	60317.2	43.2691	43.2691
CRE_130	1873	1873	0	0	0
CRE_131	290	290	34197.7	117.923	117.923
CRE_132	232	232	0	0	0
CRE_133	458	458	54662.4	119.35	119.35
CRE_134	1023	1023	55470.2	54.2231	54.2231
CRE_135	1275	1275	0	0	0
CRE_136	1309	1309	136521	104.294	104.294
CRE_137	1661	1661	108248	65.1702	65.1702
CRE_138	734	734	176643	240.658	240.658
Mb21d2_control	1000	1000	1.06255e+06	1062.55	1062.55
Fgf12_control	1000	1000	1.14845e+06	1148.45	1148.45
Wnt3_control	1000	1000	983114	983.114	983.114
Zic3_promoter	1000	1000	107709	107.709	107.709
Rnf12_promoter	1000	1000	0	0	0
