name	size	covered	sum	mean0	mean 
CRE_1	1023	1023	281587	275.256	275.256
CRE_2	966	966	87859.1	90.9514	90.9514
CRE_3	703	703	0	0	0
CRE_4	1453	1453	0	0	0
CRE_5	928	928	0	0	0
CRE_6	769	769	16306.3	21.2045	21.2045
CRE_7	1212	1212	51839.3	42.7717	42.7717
CRE_8	979	979	0	0	0
CRE_9	806	806	0	0	0
CRE_10	1639	1639	53786.3	32.8165	32.8165
CRE_11	304	304	22390.7	73.6536	73.6536
CRE_12	740	740	98080.9	132.542	132.542
CRE_13	1078	1078	0	0	0
CRE_14	231	231	31882.4	138.019	138.019
CRE_15	1149	1149	0	0	0
CRE_16	243	243	0	0	0
CRE_17	1025	1025	0	0	0
CRE_18	885	885	0	0	0
CRE_19	59	59	0	0	0
CRE_20	1356	1356	46241.6	34.1015	34.1015
CRE_21	266	266	59384	223.248	223.248
CRE_22	1766	1766	0	0	0
CRE_23	367	367	0	0	0
CRE_24	1349	1349	103922	77.0363	77.0363
CRE_25	1570	1570	0	0	0
CRE_26	1137	1137	28475.1	25.0441	25.0441
CRE_27	1130	1130	56220.1	49.7523	49.7523
CRE_28	681	681	38210.2	56.1089	56.1089
CRE_29	1054	1054	43321.1	41.1016	41.1016
CRE_30	1268	1268	103435	81.5735	81.5735
CRE_31	1838	1838	55490	30.1904	30.1904
CRE_32	825	825	48675.4	59.0005	59.0005
CRE_33	658	658	0	0	0
CRE_34	707	707	0	0	0
CRE_35	475	475	0	0	0
CRE_36	1607	1607	0	0	0
CRE_37	874	874	0	0	0
CRE_38	1250	1250	207114	165.691	165.691
CRE_39	1432	1432	110006	76.8201	76.8201
CRE_40	368	368	115117	312.819	312.819
CRE_41	766	766	0	0	0
CRE_42	761	761	0	0	0
CRE_43	1781	1781	0	0	0
CRE_44	107	107	0	0	0
CRE_45	1087	1087	0	0	0
CRE_46	1107	1107	0	0	0
CRE_47	514	514	0	0	0
CRE_48	1430	1430	0	0	0
CRE_49	782	782	182046	232.795	232.795
CRE_50	1162	1162	0	0	0
CRE_51	1364	1364	73986.6	54.2424	54.2424
CRE_52	1378	1378	0	0	0
CRE_53	954	954	0	0	0
CRE_54	453	453	0	0	0
CRE_55	1360	1360	147243	108.267	108.267
CRE_56	435	435	329289	756.985	756.985
CRE_57	1638	1638	1.9896e+06	1214.65	1214.65
CRE_58	673	673	63764.8	94.7471	94.7471
CRE_59	526	526	599923	1140.54	1140.54
CRE_60	1484	1484	2.27557e+06	1533.4	1533.4
CRE_61	1209	1209	73986.6	61.1965	61.1965
CRE_62	693	693	46241.6	66.7267	66.7267
CRE_63	555	555	6571.18	11.84	11.84
CRE_64	806	806	0	0	0
CRE_65	1139	1139	0	0	0
CRE_66	832	832	0	0	0
CRE_67	874	874	0	0	0
CRE_68	928	928	287428	309.728	309.728
CRE_69	907	907	0	0	0
CRE_70	966	966	95160.4	98.5097	98.5097
CRE_71	1376	1376	15576.1	11.3199	11.3199
CRE_72	565	565	116091	205.47	205.47
CRE_73	357	357	24337.7	68.1728	68.1728
CRE_74	1131	1131	15819.5	13.9872	13.9872
CRE_75	403	403	13385.7	33.2152	33.2152
CRE_76	1532	1532	23364.2	15.2508	15.2508
CRE_77	1304	1304	0	0	0
CRE_78	993	993	0	0	0
CRE_79	1214	1214	47701.9	39.2932	39.2932
CRE_80	989	989	0	0	0
CRE_81	1811	1811	0	0	0
CRE_82	1152	1152	0	0	0
CRE_83	319	319	0	0	0
CRE_84	1627	1627	0	0	0
CRE_85	1155	1155	98324.3	85.1293	85.1293
CRE_86	714	714	0	0	0
CRE_87	954	954	20687	21.6845	21.6845
CRE_88	1341	1341	144809	107.986	107.986
CRE_89	667	667	0	0	0
CRE_90	1028	1028	80557.8	78.3636	78.3636
CRE_91	1007	1007	7788.06	7.73393	7.73393
CRE_92	201	201	9978.46	49.6441	49.6441
CRE_93	1552	1552	3407.28	2.19541	2.19541
CRE_94	1166	1166	0	0	0
CRE_95	540	540	0	0	0
CRE_96	736	736	0	0	0
CRE_97	1445	1445	0	0	0
CRE_98	961	961	58410.5	60.7809	60.7809
CRE_99	1844	1844	0	0	0
CRE_100	946	946	0	0	0
CRE_101	224	224	0	0	0
CRE_102	300	300	0	0	0
CRE_103	1934	1934	21173.8	10.9482	10.9482
CRE_104	368	368	0	0	0
CRE_105	1519	1519	117308	77.2269	77.2269
CRE_106	932	932	15576.1	16.7126	16.7126
CRE_107	856	856	0	0	0
CRE_108	1299	1299	0	0	0
CRE_109	715	715	0	0	0
CRE_110	763	763	25311.2	33.1733	33.1733
CRE_111	1287	1287	22512.3	17.4921	17.4921
CRE_112	1291	1291	97715.8	75.69	75.69
CRE_113	713	713	262117	367.625	367.625
CRE_114	827	827	15819.5	19.1288	19.1288
CRE_115	217	217	29448.6	135.708	135.708
CRE_116	918	918	0	0	0
CRE_117	1024	1024	0	0	0
CRE_118	728	728	147243	202.257	202.257
CRE_119	1489	1489	0	0	0
CRE_120	1613	1613	0	0	0
CRE_121	1421	1421	0	0	0
CRE_122	1080	1080	0	0	0
CRE_123	1496	1496	82504.8	55.1503	55.1503
CRE_124	225	225	0	0	0
CRE_125	1027	1027	0	0	0
CRE_126	1783	1783	55246.6	30.9852	30.9852
CRE_127	1823	1823	291566	159.937	159.937
CRE_128	1366	1366	35533	26.0125	26.0125
CRE_129	1394	1394	106843	76.6445	76.6445
CRE_130	1873	1873	71309.5	38.0723	38.0723
CRE_131	290	290	81531.3	281.142	281.142
CRE_132	232	232	14602.6	62.9423	62.9423
CRE_133	458	458	113657	248.16	248.16
CRE_134	1023	1023	43321.1	42.3471	42.3471
CRE_135	1275	1275	0	0	0
CRE_136	1309	1309	0	0	0
CRE_137	1661	1661	0	0	0
CRE_138	734	734	41374.1	56.368	56.368
Mb21d2_control	1000	1000	1.2731e+06	1273.1	1273.1
Fgf12_control	1000	1000	1.70875e+06	1708.75	1708.75
Wnt3_control	1000	1000	900980	900.98	900.98
Zic3_promoter	1000	1000	0	0	0
Rnf12_promoter	1000	1000	0	0	0
