name	size	covered	sum	mean0	mean 
CRE_1	1023	1023	211175	206.428	206.428
CRE_2	966	966	143520	148.571	148.571
CRE_3	703	703	58313.9	82.95	82.95
CRE_4	1453	1453	58030.8	39.9386	39.9386
CRE_5	928	928	0	0	0
CRE_6	769	769	10756.9	13.9882	13.9882
CRE_7	1212	1212	43310.8	35.735	35.735
CRE_8	979	979	50670.8	51.7577	51.7577
CRE_9	806	806	53501.6	66.3791	66.3791
CRE_10	1639	1639	58030.8	35.4062	35.4062
CRE_11	304	304	67655.4	222.551	222.551
CRE_12	740	740	153994	208.1	208.1
CRE_13	1078	1078	0	0	0
CRE_14	231	231	12738.5	55.1449	55.1449
CRE_15	1149	1149	0	0	0
CRE_16	243	243	0	0	0
CRE_17	1025	1025	23778.5	23.1985	23.1985
CRE_18	885	885	62843.1	71.0091	71.0091
CRE_19	59	59	0	0	0
CRE_20	1356	1356	141822	104.588	104.588
CRE_21	266	266	0	0	0
CRE_22	1766	1766	63409.2	35.9056	35.9056
CRE_23	367	367	0	0	0
CRE_24	1349	1349	96246.2	71.3463	71.3463
CRE_25	1570	1570	11606.2	7.39246	7.39246
CRE_26	1137	1137	64258.5	56.5158	56.5158
CRE_27	1130	1130	0	0	0
CRE_28	681	681	111249	163.362	163.362
CRE_29	1054	1054	0	0	0
CRE_30	1268	1268	105871	83.4943	83.4943
CRE_31	1838	1838	0	0	0
CRE_32	825	825	0	0	0
CRE_33	658	658	0	0	0
CRE_34	707	707	0	0	0
CRE_35	475	475	0	0	0
CRE_36	1607	1607	0	0	0
CRE_37	874	874	0	0	0
CRE_38	1250	1250	257883	206.307	206.307
CRE_39	1432	1432	261563	182.656	182.656
CRE_40	368	368	56332.3	153.077	153.077
CRE_41	766	766	0	0	0
CRE_42	761	761	73033.9	95.9709	95.9709
CRE_43	1781	1781	45009.2	25.2719	25.2719
CRE_44	107	107	0	0	0
CRE_45	1087	1087	63692.3	58.5946	58.5946
CRE_46	1107	1107	69353.9	62.6503	62.6503
CRE_47	514	514	0	0	0
CRE_48	1430	1430	50104.6	35.0382	35.0382
CRE_49	782	782	142954	182.805	182.805
CRE_50	1162	1162	32270.8	27.7718	27.7718
CRE_51	1364	1364	318179	233.269	233.269
CRE_52	1378	1378	104455	75.8022	75.8022
CRE_53	954	954	0	0	0
CRE_54	453	453	17833.9	39.3683	39.3683
CRE_55	1360	1360	177772	130.715	130.715
CRE_56	435	435	210892	484.81	484.81
CRE_57	1638	1638	3.926e+06	2396.82	2396.82
CRE_58	673	673	282794	420.199	420.199
CRE_59	526	526	712506	1354.57	1354.57
CRE_60	1484	1484	2.17885e+06	1468.22	1468.22
CRE_61	1209	1209	146917	121.519	121.519
CRE_62	693	693	22646.2	32.6784	32.6784
CRE_63	555	555	97661.6	175.967	175.967
CRE_64	806	806	0	0	0
CRE_65	1139	1139	0	0	0
CRE_66	832	832	0	0	0
CRE_67	874	874	0	0	0
CRE_68	928	928	100209	107.984	107.984
CRE_69	907	907	0	0	0
CRE_70	966	966	38781.5	40.1465	40.1465
CRE_71	1376	1376	0	0	0
CRE_72	565	565	0	0	0
CRE_73	357	357	0	0	0
CRE_74	1131	1131	137009	121.14	121.14
CRE_75	403	403	15569.2	38.6333	38.6333
CRE_76	1532	1532	0	0	0
CRE_77	1304	1304	0	0	0
CRE_78	993	993	59446.2	59.8652	59.8652
CRE_79	1214	1214	0	0	0
CRE_80	989	989	0	0	0
CRE_81	1811	1811	0	0	0
CRE_82	1152	1152	29156.9	25.3098	25.3098
CRE_83	319	319	75864.6	237.82	237.82
CRE_84	1627	1627	0	0	0
CRE_85	1155	1155	0	0	0
CRE_86	714	714	0	0	0
CRE_87	954	954	44726.2	46.8828	46.8828
CRE_88	1341	1341	26326.2	19.6317	19.6317
CRE_89	667	667	0	0	0
CRE_90	1028	1028	128234	124.741	124.741
CRE_91	1007	1007	0	0	0
CRE_92	201	201	40196.9	199.985	199.985
CRE_93	1552	1552	27741.5	17.8747	17.8747
CRE_94	1166	1166	0	0	0
CRE_95	540	540	35667.7	66.0513	66.0513
CRE_96	736	736	0	0	0
CRE_97	1445	1445	0	0	0
CRE_98	961	961	0	0	0
CRE_99	1844	1844	17550.8	9.51777	9.51777
CRE_100	946	946	0	0	0
CRE_101	224	224	0	0	0
CRE_102	300	300	9058.46	30.1949	30.1949
CRE_103	1934	1934	0	0	0
CRE_104	368	368	0	0	0
CRE_105	1519	1519	212874	140.141	140.141
CRE_106	932	932	97095.4	104.18	104.18
CRE_107	856	856	123422	144.184	144.184
CRE_108	1299	1299	0	0	0
CRE_109	715	715	0	0	0
CRE_110	763	763	261563	342.809	342.809
CRE_111	1287	1287	33403.1	25.9542	25.9542
CRE_112	1291	1291	282794	219.05	219.05
CRE_113	713	713	30006.2	42.0844	42.0844
CRE_114	827	827	32836.9	39.7061	39.7061
CRE_115	217	217	0	0	0
CRE_116	918	918	0	0	0
CRE_117	1024	1024	0	0	0
CRE_118	728	728	0	0	0
CRE_119	1489	1489	133046	89.3527	89.3527
CRE_120	1613	1613	53501.6	33.169	33.169
CRE_121	1421	1421	86055.4	60.5598	60.5598
CRE_122	1080	1080	115212	106.678	106.678
CRE_123	1496	1496	94830.8	63.3896	63.3896
CRE_124	225	225	0	0	0
CRE_125	1027	1027	39347.7	38.3132	38.3132
CRE_126	1783	1783	90867.7	50.9634	50.9634
CRE_127	1823	1823	0	0	0
CRE_128	1366	1366	201551	147.548	147.548
CRE_129	1394	1394	57181.6	41.0198	41.0198
CRE_130	1873	1873	0	0	0
CRE_131	290	290	64824.6	223.533	223.533
CRE_132	232	232	0	0	0
CRE_133	458	458	15852.3	34.612	34.612
CRE_134	1023	1023	0	0	0
CRE_135	1275	1275	56898.5	44.6263	44.6263
CRE_136	1309	1309	78695.4	60.1187	60.1187
CRE_137	1661	1661	22363.1	13.4636	13.4636
CRE_138	734	734	0	0	0
Mb21d2_control	1000	1000	1.02587e+06	1025.87	1025.87
Fgf12_control	1000	1000	456320	456.32	456.32
Wnt3_control	1000	1000	1.25064e+06	1250.64	1250.64
Zic3_promoter	1000	1000	22363.1	22.3631	22.3631
Rnf12_promoter	1000	1000	0	0	0
