name	size	covered	sum	mean0	mean 
CRE_1	1023	1023	608722	595.036	595.036
CRE_2	966	966	665150	688.561	688.561
CRE_3	703	703	5642.83	8.02679	8.02679
CRE_4	1453	1453	82996.7	57.1209	57.1209
CRE_5	928	928	0	0	0
CRE_6	769	769	158470	206.072	206.072
CRE_7	1212	1212	0	0	0
CRE_8	979	979	135428	138.333	138.333
CRE_9	806	806	0	0	0
CRE_10	1639	1639	26098.1	15.9232	15.9232
CRE_11	304	304	38089.1	125.293	125.293
CRE_12	740	740	66773.6	90.2345	90.2345
CRE_13	1078	1078	101806	94.4398	94.4398
CRE_14	231	231	22101.1	95.6757	95.6757
CRE_15	1149	1149	46553.4	40.5164	40.5164
CRE_16	243	243	0	0	0
CRE_17	1025	1025	0	0	0
CRE_18	885	885	61130.7	69.0742	69.0742
CRE_19	59	59	0	0	0
CRE_20	1356	1356	180806	133.338	133.338
CRE_21	266	266	50550.4	190.039	190.039
CRE_22	1766	1766	149065	84.4082	84.4082
CRE_23	367	367	0	0	0
CRE_24	1349	1349	12696.4	9.41169	9.41169
CRE_25	1570	1570	69124.8	44.0285	44.0285
CRE_26	1137	1137	63011.6	55.4192	55.4192
CRE_27	1130	1130	0	0	0
CRE_28	681	681	121321	178.151	178.151
CRE_29	1054	1054	0	0	0
CRE_30	1268	1268	86523.4	68.2361	68.2361
CRE_31	1838	1838	91460.9	49.7611	49.7611
CRE_32	825	825	0	0	0
CRE_33	658	658	108154	164.368	164.368
CRE_34	707	707	0	0	0
CRE_35	475	475	41615.9	87.6124	87.6124
CRE_36	1607	1607	116148	72.2765	72.2765
CRE_37	874	874	0	0	0
CRE_38	1250	1250	297189	237.752	237.752
CRE_39	1432	1432	150005	104.752	104.752
CRE_40	368	368	11755.9	31.9454	31.9454
CRE_41	766	766	0	0	0
CRE_42	761	761	0	0	0
CRE_43	1781	1781	75708.1	42.5087	42.5087
CRE_44	107	107	0	0	0
CRE_45	1087	1087	0	0	0
CRE_46	1107	1107	171872	155.259	155.259
CRE_47	514	514	86523.5	168.334	168.334
CRE_48	1430	1430	0	0	0
CRE_49	782	782	107684	137.703	137.703
CRE_50	1162	1162	0	0	0
CRE_51	1364	1364	139895	102.563	102.563
CRE_52	1378	1378	68654.5	49.8218	49.8218
CRE_53	954	954	0	0	0
CRE_54	453	453	145068	320.238	320.238
CRE_55	1360	1360	0	0	0
CRE_56	435	435	0	0	0
CRE_57	1638	1638	1.3169e+06	803.967	803.967
CRE_58	673	673	0	0	0
CRE_59	526	526	210666	400.506	400.506
CRE_60	1484	1484	493043	332.239	332.239
CRE_61	1209	1209	27979	23.1423	23.1423
CRE_62	693	693	93106.7	134.353	134.353
CRE_63	555	555	92871.6	167.336	167.336
CRE_64	806	806	54077.1	67.0932	67.0932
CRE_65	1139	1139	46788.5	41.0786	41.0786
CRE_66	832	832	0	0	0
CRE_67	874	874	41851	47.8844	47.8844
CRE_68	928	928	178220	192.047	192.047
CRE_69	907	907	0	0	0
CRE_70	966	966	86053.2	89.082	89.082
CRE_71	1376	1376	211841	153.955	153.955
CRE_72	565	565	0	0	0
CRE_73	357	357	0	0	0
CRE_74	1131	1131	0	0	0
CRE_75	403	403	0	0	0
CRE_76	1532	1532	89344.8	58.3191	58.3191
CRE_77	1304	1304	73827.1	56.6158	56.6158
CRE_78	993	993	0	0	0
CRE_79	1214	1214	75237.8	61.9751	61.9751
CRE_80	989	989	0	0	0
CRE_81	1811	1811	0	0	0
CRE_82	1152	1152	0	0	0
CRE_83	319	319	0	0	0
CRE_84	1627	1627	66773.5	41.0409	41.0409
CRE_85	1155	1155	146949	127.229	127.229
CRE_86	714	714	0	0	0
CRE_87	954	954	109565	114.848	114.848
CRE_88	1341	1341	73827.2	55.0538	55.0538
CRE_89	667	667	100631	150.871	150.871
CRE_90	1028	1028	68184.2	66.3271	66.3271
CRE_91	1007	1007	0	0	0
CRE_92	201	201	940.472	4.67897	4.67897
CRE_93	1552	1552	0	0	0
CRE_94	1166	1166	41145.6	35.2879	35.2879
CRE_95	540	540	0	0	0
CRE_96	736	736	77354	105.1	105.1
CRE_97	1445	1445	99925.2	69.1524	69.1524
CRE_98	961	961	144598	150.466	150.466
CRE_99	1844	1844	53842	29.1985	29.1985
CRE_100	946	946	0	0	0
CRE_101	224	224	71240.8	318.039	318.039
CRE_102	300	300	0	0	0
CRE_103	1934	1934	0	0	0
CRE_104	368	368	34797.5	94.5583	94.5583
CRE_105	1519	1519	71946.2	47.3642	47.3642
CRE_106	932	932	21866	23.4613	23.4613
CRE_107	856	856	78529.6	91.7402	91.7402
CRE_108	1299	1299	0	0	0
CRE_109	715	715	0	0	0
CRE_110	763	763	89815.1	117.713	117.713
CRE_111	1287	1287	64892.7	50.4216	50.4216
CRE_112	1291	1291	0	0	0
CRE_113	713	713	208785	292.826	292.826
CRE_114	827	827	261922	316.713	316.713
CRE_115	217	217	0	0	0
CRE_116	918	918	71005.7	77.3483	77.3483
CRE_117	1024	1024	0	0	0
CRE_118	728	728	28919.5	39.7246	39.7246
CRE_119	1489	1489	90755.5	60.9507	60.9507
CRE_120	1613	1613	13872	8.6001	8.6001
CRE_121	1421	1421	22336.2	15.7187	15.7187
CRE_122	1080	1080	34327.2	31.7845	31.7845
CRE_123	1496	1496	0	0	0
CRE_124	225	225	0	0	0
CRE_125	1027	1027	86523.5	84.2488	84.2488
CRE_126	1783	1783	55017.6	30.8568	30.8568
CRE_127	1823	1823	259100	142.128	142.128
CRE_128	1366	1366	227359	166.442	166.442
CRE_129	1394	1394	112857	80.959	80.959
CRE_130	1873	1873	74767.5	39.9186	39.9186
CRE_131	290	290	49374.8	170.258	170.258
CRE_132	232	232	0	0	0
CRE_133	458	458	183157	399.906	399.906
CRE_134	1023	1023	68654.5	67.1109	67.1109
CRE_135	1275	1275	100631	78.9259	78.9259
CRE_136	1309	1309	49374.8	37.7195	37.7195
CRE_137	1661	1661	17163.6	10.3333	10.3333
CRE_138	734	734	0	0	0
Mb21d2_control	1000	1000	857006	857.006	857.006
Fgf12_control	1000	1000	874876	874.876	874.876
Wnt3_control	1000	1000	1.37873e+06	1378.73	1378.73
Zic3_promoter	1000	1000	229005	229.005	229.005
Rnf12_promoter	1000	1000	0	0	0
