name	size	covered	sum	mean0	mean 
CRE_1	1023	1023	252893	247.207	247.207
CRE_2	966	966	105941	109.67	109.67
CRE_3	703	703	1139.15	1.62042	1.62042
CRE_4	1453	1453	0	0	0
CRE_5	928	928	0	0	0
CRE_6	769	769	0	0	0
CRE_7	1212	1212	0	0	0
CRE_8	979	979	41769	42.665	42.665
CRE_9	806	806	23922.2	29.6802	29.6802
CRE_10	1639	1639	0	0	0
CRE_11	304	304	35693.5	117.413	117.413
CRE_12	740	740	382756	517.238	517.238
CRE_13	1078	1078	55438.8	51.4275	51.4275
CRE_14	231	231	0	0	0
CRE_15	1149	1149	79740.8	69.4002	69.4002
CRE_16	243	243	44427	182.827	182.827
CRE_17	1025	1025	0	0	0
CRE_18	885	885	0	0	0
CRE_19	59	59	0	0	0
CRE_20	1356	1356	143913	106.131	106.131
CRE_21	266	266	0	0	0
CRE_22	1766	1766	106701	60.4195	60.4195
CRE_23	367	367	0	0	0
CRE_24	1349	1349	0	0	0
CRE_25	1570	1570	0	0	0
CRE_26	1137	1137	0	0	0
CRE_27	1130	1130	0	0	0
CRE_28	681	681	0	0	0
CRE_29	1054	1054	28858.6	27.38	27.38
CRE_30	1268	1268	85816.3	67.6784	67.6784
CRE_31	1838	1838	0	0	0
CRE_32	825	825	0	0	0
CRE_33	658	658	0	0	0
CRE_34	707	707	9113.23	12.89	12.89
CRE_35	475	475	0	0	0
CRE_36	1607	1607	220616	137.284	137.284
CRE_37	874	874	0	0	0
CRE_38	1250	1250	135180	108.144	108.144
CRE_39	1432	1432	4176.9	2.91683	2.91683
CRE_40	368	368	216440	588.151	588.151
CRE_41	766	766	88854	115.997	115.997
CRE_42	761	761	0	0	0
CRE_43	1781	1781	113915	63.9615	63.9615
CRE_44	107	107	0	0	0
CRE_45	1087	1087	0	0	0
CRE_46	1107	1107	0	0	0
CRE_47	514	514	12530.7	24.3788	24.3788
CRE_48	1430	1430	0	0	0
CRE_49	782	782	271119	346.699	346.699
CRE_50	1162	1162	220237	189.532	189.532
CRE_51	1364	1364	140875	103.281	103.281
CRE_52	1378	1378	164038	119.041	119.041
CRE_53	954	954	0	0	0
CRE_54	453	453	0	0	0
CRE_55	1360	1360	166696	122.571	122.571
CRE_56	435	435	274157	630.246	630.246
CRE_57	1638	1638	2.66259e+06	1625.51	1625.51
CRE_58	673	673	98726.7	146.696	146.696
CRE_59	526	526	203529	386.937	386.937
CRE_60	1484	1484	1.76949e+06	1192.38	1192.38
CRE_61	1209	1209	34934.1	28.895	28.895
CRE_62	693	693	0	0	0
CRE_63	555	555	155684	280.512	280.512
CRE_64	806	806	0	0	0
CRE_65	1139	1139	0	0	0
CRE_66	832	832	0	0	0
CRE_67	874	874	0	0	0
CRE_68	928	928	0	0	0
CRE_69	907	907	0	0	0
CRE_70	966	966	227451	235.457	235.457
CRE_71	1376	1376	219477	159.504	159.504
CRE_72	565	565	0	0	0
CRE_73	357	357	0	0	0
CRE_74	1131	1131	0	0	0
CRE_75	403	403	0	0	0
CRE_76	1532	1532	2658.03	1.735	1.735
CRE_77	1304	1304	234286	179.667	179.667
CRE_78	993	993	79740.8	80.3029	80.3029
CRE_79	1214	1214	0	0	0
CRE_80	989	989	0	0	0
CRE_81	1811	1811	87714.9	48.4345	48.4345
CRE_82	1152	1152	0	0	0
CRE_83	319	319	0	0	0
CRE_84	1627	1627	0	0	0
CRE_85	1155	1155	0	0	0
CRE_86	714	714	0	0	0
CRE_87	954	954	181505	190.257	190.257
CRE_88	1341	1341	0	0	0
CRE_89	667	667	0	0	0
CRE_90	1028	1028	23922.2	23.2707	23.2707
CRE_91	1007	1007	0	0	0
CRE_92	201	201	0	0	0
CRE_93	1552	1552	0	0	0
CRE_94	1166	1166	0	0	0
CRE_95	540	540	0	0	0
CRE_96	736	736	0	0	0
CRE_97	1445	1445	0	0	0
CRE_98	961	961	64172.3	66.7766	66.7766
CRE_99	1844	1844	0	0	0
CRE_100	946	946	0	0	0
CRE_101	224	224	0	0	0
CRE_102	300	300	0	0	0
CRE_103	1934	1934	0	0	0
CRE_104	368	368	36073.2	98.025	98.025
CRE_105	1519	1519	432119	284.476	284.476
CRE_106	932	932	0	0	0
CRE_107	856	856	0	0	0
CRE_108	1299	1299	0	0	0
CRE_109	715	715	0	0	0
CRE_110	763	763	194795	255.302	255.302
CRE_111	1287	1287	0	0	0
CRE_112	1291	1291	77462.5	60.0019	60.0019
CRE_113	713	713	0	0	0
CRE_114	827	827	39870.4	48.2109	48.2109
CRE_115	217	217	0	0	0
CRE_116	918	918	0	0	0
CRE_117	1024	1024	0	0	0
CRE_118	728	728	17467	23.9932	23.9932
CRE_119	1489	1489	82019.1	55.0833	55.0833
CRE_120	1613	1613	0	0	0
CRE_121	1421	1421	0	0	0
CRE_122	1080	1080	0	0	0
CRE_123	1496	1496	0	0	0
CRE_124	225	225	0	0	0
CRE_125	1027	1027	32655.7	31.7972	31.7972
CRE_126	1783	1783	0	0	0
CRE_127	1823	1823	451485	247.661	247.661
CRE_128	1366	1366	61514.3	45.0324	45.0324
CRE_129	1394	1394	236185	169.43	169.43
CRE_130	1873	1873	325419	173.742	173.742
CRE_131	290	290	7974.08	27.4968	27.4968
CRE_132	232	232	0	0	0
CRE_133	458	458	0	0	0
CRE_134	1023	1023	0	0	0
CRE_135	1275	1275	0	0	0
CRE_136	1309	1309	0	0	0
CRE_137	1661	1661	0	0	0
CRE_138	734	734	0	0	0
Mb21d2_control	1000	1000	971321	971.321	971.321
Fgf12_control	1000	1000	1.18852e+06	1188.52	1188.52
Wnt3_control	1000	1000	1.02182e+06	1021.82	1021.82
Zic3_promoter	1000	1000	97587.5	97.5875	97.5875
Rnf12_promoter	1000	1000	0	0	0
