name	size	covered	sum	mean0	mean 
CRE_1	1023	1023	280432	274.127	274.127
CRE_2	966	966	285864	295.925	295.925
CRE_3	703	703	125391	178.365	178.365
CRE_4	1453	1453	0	0	0
CRE_5	928	928	25123.4	27.0726	27.0726
CRE_6	769	769	226.337	0.294326	0.294326
CRE_7	1212	1212	0	0	0
CRE_8	979	979	0	0	0
CRE_9	806	806	16522.6	20.4995	20.4995
CRE_10	1639	1639	40514.3	24.7189	24.7189
CRE_11	304	304	0	0	0
CRE_12	740	740	263683	356.328	356.328
CRE_13	1078	1078	44362.1	41.1522	41.1522
CRE_14	231	231	0	0	0
CRE_15	1149	1149	0	0	0
CRE_16	243	243	0	0	0
CRE_17	1025	1025	141461	138.01	138.01
CRE_18	885	885	76501.9	86.4428	86.4428
CRE_19	59	59	0	0	0
CRE_20	1356	1356	104115	76.781	76.781
CRE_21	266	266	0	0	0
CRE_22	1766	1766	59753	33.8352	33.8352
CRE_23	367	367	0	0	0
CRE_24	1349	1349	0	0	0
CRE_25	1570	1570	28744.8	18.3088	18.3088
CRE_26	1137	1137	138292	121.629	121.629
CRE_27	1130	1130	44135.7	39.0582	39.0582
CRE_28	681	681	11769.5	17.2827	17.2827
CRE_29	1054	1054	36213.9	34.3586	34.3586
CRE_30	1268	1268	234032	184.568	184.568
CRE_31	1838	1838	0	0	0
CRE_32	825	825	44588.4	54.0465	54.0465
CRE_33	658	658	0	0	0
CRE_34	707	707	0	0	0
CRE_35	475	475	50020.5	105.306	105.306
CRE_36	1607	1607	19917.7	12.3943	12.3943
CRE_37	874	874	0	0	0
CRE_38	1250	1250	170205	136.164	136.164
CRE_39	1432	1432	0	0	0
CRE_40	368	368	176769	480.351	480.351
CRE_41	766	766	61790	80.6658	80.6658
CRE_42	761	761	45041.1	59.1867	59.1867
CRE_43	1781	1781	0	0	0
CRE_44	107	107	24218.1	226.337	226.337
CRE_45	1087	1087	0	0	0
CRE_46	1107	1107	0	0	0
CRE_47	514	514	29423.8	57.2448	57.2448
CRE_48	1430	1430	102078	71.3832	71.3832
CRE_49	782	782	96645.9	123.588	123.588
CRE_50	1162	1162	57942.3	49.8643	49.8643
CRE_51	1364	1364	286543	210.075	210.075
CRE_52	1378	1378	53641.9	38.9273	38.9273
CRE_53	954	954	0	0	0
CRE_54	453	453	64732.4	142.897	142.897
CRE_55	1360	1360	276358	203.204	203.204
CRE_56	435	435	253271	582.233	582.233
CRE_57	1638	1638	2.0995e+06	1281.75	1281.75
CRE_58	673	673	102983	153.021	153.021
CRE_59	526	526	438189	833.058	833.058
CRE_60	1484	1484	1.18397e+06	797.823	797.823
CRE_61	1209	1209	0	0	0
CRE_62	693	693	15843.6	22.8623	22.8623
CRE_63	555	555	48209.8	86.8645	86.8645
CRE_64	806	806	34403.2	42.6839	42.6839
CRE_65	1139	1139	115432	101.345	101.345
CRE_66	832	832	61111	73.4507	73.4507
CRE_67	874	874	0	0	0
CRE_68	928	928	126296	136.095	136.095
CRE_69	907	907	54320.9	59.8907	59.8907
CRE_70	966	966	0	0	0
CRE_71	1376	1376	55905.2	40.6288	40.6288
CRE_72	565	565	0	0	0
CRE_73	357	357	0	0	0
CRE_74	1131	1131	16975.3	15.0091	15.0091
CRE_75	403	403	0	0	0
CRE_76	1532	1532	0	0	0
CRE_77	1304	1304	25349.7	19.44	19.44
CRE_78	993	993	0	0	0
CRE_79	1214	1214	0	0	0
CRE_80	989	989	0	0	0
CRE_81	1811	1811	0	0	0
CRE_82	1152	1152	0	0	0
CRE_83	319	319	10864.2	34.057	34.057
CRE_84	1627	1627	0	0	0
CRE_85	1155	1155	99361.9	86.0277	86.0277
CRE_86	714	714	0	0	0
CRE_87	954	954	0	0	0
CRE_88	1341	1341	0	0	0
CRE_89	667	667	51604.8	77.3686	77.3686
CRE_90	1028	1028	38024.6	36.9889	36.9889
CRE_91	1007	1007	36213.9	35.9622	35.9622
CRE_92	201	201	11090.5	55.1767	55.1767
CRE_93	1552	1552	43456.7	28.0005	28.0005
CRE_94	1166	1166	52057.5	44.6462	44.6462
CRE_95	540	540	0	0	0
CRE_96	736	736	0	0	0
CRE_97	1445	1445	21728.4	15.0369	15.0369
CRE_98	961	961	0	0	0
CRE_99	1844	1844	50246.8	27.2488	27.2488
CRE_100	946	946	0	0	0
CRE_101	224	224	0	0	0
CRE_102	300	300	38930	129.767	129.767
CRE_103	1934	1934	0	0	0
CRE_104	368	368	0	0	0
CRE_105	1519	1519	102757	67.6478	67.6478
CRE_106	932	932	0	0	0
CRE_107	856	856	0	0	0
CRE_108	1299	1299	0	0	0
CRE_109	715	715	0	0	0
CRE_110	763	763	101852	133.488	133.488
CRE_111	1287	1287	53868.2	41.8556	41.8556
CRE_112	1291	1291	51378.5	39.7974	39.7974
CRE_113	713	713	191255	268.239	268.239
CRE_114	827	827	0	0	0
CRE_115	217	217	37798.3	174.186	174.186
CRE_116	918	918	0	0	0
CRE_117	1024	1024	0	0	0
CRE_118	728	728	11543.2	15.856	15.856
CRE_119	1489	1489	80802.3	54.2662	54.2662
CRE_120	1613	1613	91666.5	56.8298	56.8298
CRE_121	1421	1421	0	0	0
CRE_122	1080	1080	16975.3	15.7178	15.7178
CRE_123	1496	1496	47757.1	31.9232	31.9232
CRE_124	225	225	0	0	0
CRE_125	1027	1027	0	0	0
CRE_126	1783	1783	0	0	0
CRE_127	1823	1823	87139.7	47.8002	47.8002
CRE_128	1366	1366	231316	169.339	169.339
CRE_129	1394	1394	471234	338.045	338.045
CRE_130	1873	1873	218642	116.733	116.733
CRE_131	290	290	26255.1	90.5348	90.5348
CRE_132	232	232	0	0	0
CRE_133	458	458	66995.8	146.279	146.279
CRE_134	1023	1023	0	0	0
CRE_135	1275	1275	58621.3	45.9775	45.9775
CRE_136	1309	1309	50699.5	38.7315	38.7315
CRE_137	1661	1661	0	0	0
CRE_138	734	734	0	0	0
Mb21d2_control	1000	1000	820699	820.699	820.699
Fgf12_control	1000	1000	1.37839e+06	1378.39	1378.39
Wnt3_control	1000	1000	840164	840.164	840.164
Zic3_promoter	1000	1000	116111	116.111	116.111
Rnf12_promoter	1000	1000	21728.4	21.7284	21.7284
