name	size	covered	sum	mean0	mean 
CRE_1	1023	1023	401987	392.949	392.949
CRE_2	966	966	260316	269.479	269.479
CRE_3	703	703	5638.63	8.02081	8.02081
CRE_4	1453	1453	0	0	0
CRE_5	928	928	0	0	0
CRE_6	769	769	0	0	0
CRE_7	1212	1212	0	0	0
CRE_8	979	979	46518.7	47.5166	47.5166
CRE_9	806	806	16915.9	20.9875	20.9875
CRE_10	1639	1639	0	0	0
CRE_11	304	304	72362.3	238.034	238.034
CRE_12	740	740	108544	146.681	146.681
CRE_13	1078	1078	0	0	0
CRE_14	231	231	62024.9	268.506	268.506
CRE_15	1149	1149	0	0	0
CRE_16	243	243	19265.3	79.2812	79.2812
CRE_17	1025	1025	0	0	0
CRE_18	885	885	46988.6	53.0945	53.0945
CRE_19	59	59	0	0	0
CRE_20	1356	1356	86459	63.7603	63.7603
CRE_21	266	266	0	0	0
CRE_22	1766	1766	39000.5	22.0841	22.0841
CRE_23	367	367	0	0	0
CRE_24	1349	1349	0	0	0
CRE_25	1570	1570	85989.1	54.7701	54.7701
CRE_26	1137	1137	0	0	0
CRE_27	1130	1130	60615.3	53.6418	53.6418
CRE_28	681	681	65549.1	96.2542	96.2542
CRE_29	1054	1054	41115	39.0086	39.0086
CRE_30	1268	1268	139321	109.875	109.875
CRE_31	1838	1838	28898	15.7225	15.7225
CRE_32	825	825	0	0	0
CRE_33	658	658	0	0	0
CRE_34	707	707	38765.6	54.8311	54.8311
CRE_35	475	475	0	0	0
CRE_36	1607	1607	0	0	0
CRE_37	874	874	0	0	0
CRE_38	1250	1250	0	0	0
CRE_39	1432	1432	88338.5	61.6889	61.6889
CRE_40	368	368	34301.7	93.2111	93.2111
CRE_41	766	766	0	0	0
CRE_42	761	761	48868.1	64.2157	64.2157
CRE_43	1781	1781	32422.1	18.2045	18.2045
CRE_44	107	107	62729.7	586.259	586.259
CRE_45	1087	1087	0	0	0
CRE_46	1107	1107	0	0	0
CRE_47	514	514	78236	152.21	152.21
CRE_48	1430	1430	35711.3	24.973	24.973
CRE_49	782	782	318817	407.695	407.695
CRE_50	1162	1162	0	0	0
CRE_51	1364	1364	13861.6	10.1625	10.1625
CRE_52	1378	1378	39235.5	28.4728	28.4728
CRE_53	954	954	5403.69	5.66424	5.66424
CRE_54	453	453	22084.6	48.752	48.752
CRE_55	1360	1360	0	0	0
CRE_56	435	435	158821	365.106	365.106
CRE_57	1638	1638	746413	455.685	455.685
CRE_58	673	673	0	0	0
CRE_59	526	526	89748.2	170.624	170.624
CRE_60	1484	1484	428066	288.454	288.454
CRE_61	1209	1209	74711.8	61.7964	61.7964
CRE_62	693	693	18795.4	27.1218	27.1218
CRE_63	555	555	0	0	0
CRE_64	806	806	131803	163.527	163.527
CRE_65	1139	1139	2349.43	2.06271	2.06271
CRE_66	832	832	0	0	0
CRE_67	874	874	0	0	0
CRE_68	928	928	107369	115.699	115.699
CRE_69	907	907	0	0	0
CRE_70	966	966	0	0	0
CRE_71	1376	1376	142140	103.3	103.3
CRE_72	565	565	54506.8	96.4722	96.4722
CRE_73	357	357	0	0	0
CRE_74	1131	1131	41819.9	36.976	36.976
CRE_75	403	403	0	0	0
CRE_76	1532	1532	15271.3	9.96821	9.96821
CRE_77	1304	1304	46283.8	35.4937	35.4937
CRE_78	993	993	101495	102.211	102.211
CRE_79	1214	1214	116297	95.7963	95.7963
CRE_80	989	989	0	0	0
CRE_81	1811	1811	146369	80.8224	80.8224
CRE_82	1152	1152	0	0	0
CRE_83	319	319	9632.66	30.1964	30.1964
CRE_84	1627	1627	0	0	0
CRE_85	1155	1155	81290.2	70.3811	70.3811
CRE_86	714	714	0	0	0
CRE_87	954	954	177147	185.688	185.688
CRE_88	1341	1341	17855.7	13.3152	13.3152
CRE_89	667	667	22319.6	33.4626	33.4626
CRE_90	1028	1028	37590.9	36.567	36.567
CRE_91	1007	1007	44639.2	44.3289	44.3289
CRE_92	201	201	3759.09	18.7019	18.7019
CRE_93	1552	1552	44404.2	28.611	28.611
CRE_94	1166	1166	0	0	0
CRE_95	540	540	13626.7	25.2346	25.2346
CRE_96	736	736	28193.1	38.3059	38.3059
CRE_97	1445	1445	96561.6	66.8246	66.8246
CRE_98	961	961	59205.6	61.6083	61.6083
CRE_99	1844	1844	0	0	0
CRE_100	946	946	50277.8	53.1478	53.1478
CRE_101	224	224	0	0	0
CRE_102	300	300	14801.4	49.338	49.338
CRE_103	1934	1934	61320.1	31.7064	31.7064
CRE_104	368	368	0	0	0
CRE_105	1519	1519	148484	97.751	97.751
CRE_106	932	932	0	0	0
CRE_107	856	856	48868.1	57.089	57.089
CRE_108	1299	1299	0	0	0
CRE_109	715	715	0	0	0
CRE_110	763	763	146369	191.834	191.834
CRE_111	1287	1287	253268	196.79	196.79
CRE_112	1291	1291	188189	145.77	145.77
CRE_113	713	713	42759.6	59.9714	59.9714
CRE_114	827	827	20909.9	25.2841	25.2841
CRE_115	217	217	0	0	0
CRE_116	918	918	0	0	0
CRE_117	1024	1024	0	0	0
CRE_118	728	728	0	0	0
CRE_119	1489	1489	171978	115.499	115.499
CRE_120	1613	1613	42054.8	26.0724	26.0724
CRE_121	1421	1421	41350	29.0992	29.0992
CRE_122	1080	1080	40645.1	37.6344	37.6344
CRE_123	1496	1496	154827	103.494	103.494
CRE_124	225	225	9162.78	40.7235	40.7235
CRE_125	1027	1027	81995	79.8393	79.8393
CRE_126	1783	1783	55211.6	30.9656	30.9656
CRE_127	1823	1823	327040	179.397	179.397
CRE_128	1366	1366	36181.2	26.487	26.487
CRE_129	1394	1394	18090.6	12.9775	12.9775
CRE_130	1873	1873	109953	58.7044	58.7044
CRE_131	290	290	29602.8	102.078	102.078
CRE_132	232	232	0	0	0
CRE_133	458	458	213798	466.807	466.807
CRE_134	1023	1023	176912	172.934	172.934
CRE_135	1275	1275	0	0	0
CRE_136	1309	1309	128279	97.9975	97.9975
CRE_137	1661	1661	0	0	0
CRE_138	734	734	12686.9	17.2846	17.2846
Mb21d2_control	1000	1000	540838	540.838	540.838
Fgf12_control	1000	1000	1.14582e+06	1145.82	1145.82
Wnt3_control	1000	1000	583128	583.128	583.128
Zic3_promoter	1000	1000	280052	280.052	280.052
Rnf12_promoter	1000	1000	39940.3	39.9403	39.9403
