name	size	covered	sum	mean0	mean 
CRE_1	1023	1023	192999	188.659	188.659
CRE_2	966	966	246661	255.342	255.342
CRE_3	703	703	15661	22.2774	22.2774
CRE_4	1453	1453	94426.7	64.9874	64.9874
CRE_5	928	928	0	0	0
CRE_6	769	769	19115.6	24.8578	24.8578
CRE_7	1212	1212	90281.1	74.4893	74.4893
CRE_8	979	979	47443.7	48.4613	48.4613
CRE_9	806	806	0	0	0
CRE_10	1639	1639	49746.7	30.3519	30.3519
CRE_11	304	304	67710.8	222.733	222.733
CRE_12	740	740	102257	138.185	138.185
CRE_13	1078	1078	0	0	0
CRE_14	231	231	67019.8	290.129	290.129
CRE_15	1149	1149	118609	103.228	103.228
CRE_16	243	243	0	0	0
CRE_17	1025	1025	0	0	0
CRE_18	885	885	0	0	0
CRE_19	59	59	0	0	0
CRE_20	1356	1356	0	0	0
CRE_21	266	266	0	0	0
CRE_22	1766	1766	448872	254.174	254.174
CRE_23	367	367	0	0	0
CRE_24	1349	1349	0	0	0
CRE_25	1570	1570	38231.3	24.3511	24.3511
CRE_26	1137	1137	55274.2	48.614	48.614
CRE_27	1130	1130	9442.67	8.35634	8.35634
CRE_28	681	681	15200.4	22.3207	22.3207
CRE_29	1054	1054	57116.6	54.1904	54.1904
CRE_30	1268	1268	55734.8	43.9549	43.9549
CRE_31	1838	1838	0	0	0
CRE_32	825	825	0	0	0
CRE_33	658	658	0	0	0
CRE_34	707	707	0	0	0
CRE_35	475	475	0	0	0
CRE_36	1607	1607	0	0	0
CRE_37	874	874	0	0	0
CRE_38	1250	1250	128743	102.994	102.994
CRE_39	1432	1432	44679.8	31.201	31.201
CRE_40	368	368	86596.1	235.315	235.315
CRE_41	766	766	0	0	0
CRE_42	761	761	106633	140.122	140.122
CRE_43	1781	1781	17733.8	9.95721	9.95721
CRE_44	107	107	0	0	0
CRE_45	1087	1087	73929.1	68.0121	68.0121
CRE_46	1107	1107	0	0	0
CRE_47	514	514	0	0	0
CRE_48	1430	1430	17733.8	12.4013	12.4013
CRE_49	782	782	97420.7	124.579	124.579
CRE_50	1162	1162	0	0	0
CRE_51	1364	1364	77614.1	56.9019	56.9019
CRE_52	1378	1378	92814.4	67.3544	67.3544
CRE_53	954	954	0	0	0
CRE_54	453	453	0	0	0
CRE_55	1360	1360	0	0	0
CRE_56	435	435	114924	264.193	264.193
CRE_57	1638	1638	2.45785e+06	1500.52	1500.52
CRE_58	673	673	18424.7	27.377	27.377
CRE_59	526	526	236988	450.547	450.547
CRE_60	1484	1484	973975	656.318	656.318
CRE_61	1209	1209	92584.1	76.579	76.579
CRE_62	693	693	32243.2	46.527	46.527
CRE_63	555	555	96038.9	173.043	173.043
CRE_64	806	806	0	0	0
CRE_65	1139	1139	76923.1	67.5356	67.5356
CRE_66	832	832	0	0	0
CRE_67	874	874	26255.2	30.0402	30.0402
CRE_68	928	928	177338	191.097	191.097
CRE_69	907	907	38691.9	42.6592	42.6592
CRE_70	966	966	0	0	0
CRE_71	1376	1376	73698.9	53.5602	53.5602
CRE_72	565	565	54122.6	95.7922	95.7922
CRE_73	357	357	0	0	0
CRE_74	1131	1131	26715.8	23.6214	23.6214
CRE_75	403	403	12667	31.4318	31.4318
CRE_76	1532	1532	0	0	0
CRE_77	1304	1304	0	0	0
CRE_78	993	993	0	0	0
CRE_79	1214	1214	45370.9	37.373	37.373
CRE_80	989	989	4606.18	4.65741	4.65741
CRE_81	1811	1811	45370.9	25.0529	25.0529
CRE_82	1152	1152	0	0	0
CRE_83	319	319	0	0	0
CRE_84	1627	1627	33625	20.6669	20.6669
CRE_85	1155	1155	0	0	0
CRE_86	714	714	0	0	0
CRE_87	954	954	0	0	0
CRE_88	1341	1341	66329	49.4623	49.4623
CRE_89	667	667	76462.6	114.637	114.637
CRE_90	1028	1028	103178	100.368	100.368
CRE_91	1007	1007	72547.2	72.0429	72.0429
CRE_92	201	201	0	0	0
CRE_93	1552	1552	0	0	0
CRE_94	1166	1166	140028	120.093	120.093
CRE_95	540	540	0	0	0
CRE_96	736	736	0	0	0
CRE_97	1445	1445	110548	76.504	76.504
CRE_98	961	961	0	0	0
CRE_99	1844	1844	88899.3	48.21	48.21
CRE_100	946	946	0	0	0
CRE_101	224	224	35467.6	158.337	158.337
CRE_102	300	300	0	0	0
CRE_103	1934	1934	0	0	0
CRE_104	368	368	0	0	0
CRE_105	1519	1519	34316	22.5912	22.5912
CRE_106	932	932	0	0	0
CRE_107	856	856	0	0	0
CRE_108	1299	1299	66098.7	50.8843	50.8843
CRE_109	715	715	0	0	0
CRE_110	763	763	26946.2	35.3161	35.3161
CRE_111	1287	1287	42837.5	33.2848	33.2848
CRE_112	1291	1291	49977.1	38.7119	38.7119
CRE_113	713	713	54122.6	75.9083	75.9083
CRE_114	827	827	12436.7	15.0383	15.0383
CRE_115	217	217	48595.2	223.941	223.941
CRE_116	918	918	0	0	0
CRE_117	1024	1024	0	0	0
CRE_118	728	728	42376.9	58.21	58.21
CRE_119	1489	1489	95347.9	64.0349	64.0349
CRE_120	1613	1613	0	0	0
CRE_121	1421	1421	28558.3	20.0973	20.0973
CRE_122	1080	1080	0	0	0
CRE_123	1496	1496	105712	70.663	70.663
CRE_124	225	225	0	0	0
CRE_125	1027	1027	0	0	0
CRE_126	1783	1783	28328	15.8878	15.8878
CRE_127	1823	1823	335559	184.07	184.07
CRE_128	1366	1366	159604	116.841	116.841
CRE_129	1394	1394	148088	106.233	106.233
CRE_130	1873	1873	178720	95.419	95.419
CRE_131	290	290	20267.2	69.8869	69.8869
CRE_132	232	232	0	0	0
CRE_133	458	458	44910.3	98.0573	98.0573
CRE_134	1023	1023	83602	81.7224	81.7224
CRE_135	1275	1275	14048.8	11.0187	11.0187
CRE_136	1309	1309	0	0	0
CRE_137	1661	1661	13818.5	8.31941	8.31941
CRE_138	734	734	20497.5	27.9258	27.9258
Mb21d2_control	1000	1000	1.28627e+06	1286.27	1286.27
Fgf12_control	1000	1000	912943	912.943	912.943
Wnt3_control	1000	1000	549286	549.286	549.286
Zic3_promoter	1000	1000	173883	173.883	173.883
Rnf12_promoter	1000	1000	0	0	0
