name	size	covered	sum	mean0	mean 
CRE_1	1023	1023	524964	513.162	513.162
CRE_2	966	966	463882	480.209	480.209
CRE_3	703	703	1152.5	1.6394	1.6394
CRE_4	1453	1453	28812.5	19.8297	19.8297
CRE_5	928	928	0	0	0
CRE_6	769	769	0	0	0
CRE_7	1212	1212	0	0	0
CRE_8	979	979	160198	163.634	163.634
CRE_9	806	806	0	0	0
CRE_10	1639	1639	0	0	0
CRE_11	304	304	46676.2	153.54	153.54
CRE_12	740	740	140605	190.007	190.007
CRE_13	1078	1078	0	0	0
CRE_14	231	231	0	0	0
CRE_15	1149	1149	0	0	0
CRE_16	243	243	0	0	0
CRE_17	1025	1025	48981.2	47.7866	47.7866
CRE_18	885	885	21897.5	24.7429	24.7429
CRE_19	59	59	0	0	0
CRE_20	1356	1356	0	0	0
CRE_21	266	266	52150.6	196.055	196.055
CRE_22	1766	1766	43218.8	24.4727	24.4727
CRE_23	367	367	0	0	0
CRE_24	1349	1349	23050	17.0867	17.0867
CRE_25	1570	1570	53879.4	34.3181	34.3181
CRE_26	1137	1137	0	0	0
CRE_27	1130	1130	152994	135.393	135.393
CRE_28	681	681	0	0	0
CRE_29	1054	1054	0	0	0
CRE_30	1268	1268	18440	14.5426	14.5426
CRE_31	1838	1838	0	0	0
CRE_32	825	825	0	0	0
CRE_33	658	658	77505.6	117.79	117.79
CRE_34	707	707	0	0	0
CRE_35	475	475	0	0	0
CRE_36	1607	1607	0	0	0
CRE_37	874	874	0	0	0
CRE_38	1250	1250	155588	124.47	124.47
CRE_39	1432	1432	0	0	0
CRE_40	368	368	46388.1	126.055	126.055
CRE_41	766	766	47828.8	62.4396	62.4396
CRE_42	761	761	0	0	0
CRE_43	1781	1781	214653	120.524	120.524
CRE_44	107	107	0	0	0
CRE_45	1087	1087	0	0	0
CRE_46	1107	1107	0	0	0
CRE_47	514	514	51286.2	99.7787	99.7787
CRE_48	1430	1430	0	0	0
CRE_49	782	782	93352.6	119.377	119.377
CRE_50	1162	1162	0	0	0
CRE_51	1364	1364	82980.1	60.8359	60.8359
CRE_52	1378	1378	87590	63.5631	63.5631
CRE_53	954	954	41778.1	43.7926	43.7926
CRE_54	453	453	0	0	0
CRE_55	1360	1360	50998.1	37.4986	37.4986
CRE_56	435	435	197078	453.052	453.052
CRE_57	1638	1638	960033	586.101	586.101
CRE_58	673	673	0	0	0
CRE_59	526	526	172587	328.112	328.112
CRE_60	1484	1484	396748	267.351	267.351
CRE_61	1209	1209	18728.1	15.4906	15.4906
CRE_62	693	693	0	0	0
CRE_63	555	555	0	0	0
CRE_64	806	806	88454.4	109.745	109.745
CRE_65	1139	1139	107471	94.3552	94.3552
CRE_66	832	832	43506.9	52.2919	52.2919
CRE_67	874	874	0	0	0
CRE_68	928	928	270838	291.851	291.851
CRE_69	907	907	61658.8	67.981	67.981
CRE_70	966	966	0	0	0
CRE_71	1376	1376	101996	74.1252	74.1252
CRE_72	565	565	74336.3	131.569	131.569
CRE_73	357	357	0	0	0
CRE_74	1131	1131	0	0	0
CRE_75	403	403	0	0	0
CRE_76	1532	1532	80675	52.6599	52.6599
CRE_77	1304	1304	46388.1	35.5737	35.5737
CRE_78	993	993	0	0	0
CRE_79	1214	1214	0	0	0
CRE_80	989	989	0	0	0
CRE_81	1811	1811	0	0	0
CRE_82	1152	1152	0	0	0
CRE_83	319	319	56472.5	177.03	177.03
CRE_84	1627	1627	0	0	0
CRE_85	1155	1155	0	0	0
CRE_86	714	714	0	0	0
CRE_87	954	954	0	0	0
CRE_88	1341	1341	0	0	0
CRE_89	667	667	0	0	0
CRE_90	1028	1028	0	0	0
CRE_91	1007	1007	0	0	0
CRE_92	201	201	0	0	0
CRE_93	1552	1552	0	0	0
CRE_94	1166	1166	0	0	0
CRE_95	540	540	0	0	0
CRE_96	736	736	17287.5	23.4885	23.4885
CRE_97	1445	1445	16135	11.1661	11.1661
CRE_98	961	961	18151.9	18.8885	18.8885
CRE_99	1844	1844	104301	56.5625	56.5625
CRE_100	946	946	33998.8	35.9395	35.9395
CRE_101	224	224	18440	82.3214	82.3214
CRE_102	300	300	27371.9	91.2396	91.2396
CRE_103	1934	1934	0	0	0
CRE_104	368	368	0	0	0
CRE_105	1519	1519	31693.8	20.8649	20.8649
CRE_106	932	932	0	0	0
CRE_107	856	856	0	0	0
CRE_108	1299	1299	0	0	0
CRE_109	715	715	0	0	0
CRE_110	763	763	0	0	0
CRE_111	1287	1287	0	0	0
CRE_112	1291	1291	67709.4	52.4472	52.4472
CRE_113	713	713	127928	179.422	179.422
CRE_114	827	827	19304.4	23.3427	23.3427
CRE_115	217	217	0	0	0
CRE_116	918	918	0	0	0
CRE_117	1024	1024	0	0	0
CRE_118	728	728	107182	147.229	147.229
CRE_119	1489	1489	234822	157.705	157.705
CRE_120	1613	1613	0	0	0
CRE_121	1421	1421	33710.6	23.7232	23.7232
CRE_122	1080	1080	0	0	0
CRE_123	1496	1496	115538	77.2314	77.2314
CRE_124	225	225	6915	30.7333	30.7333
CRE_125	1027	1027	31693.8	30.8605	30.8605
CRE_126	1783	1783	0	0	0
CRE_127	1823	1823	365919	200.724	200.724
CRE_128	1366	1366	169129	123.814	123.814
CRE_129	1394	1394	42354.4	30.3833	30.3833
CRE_130	1873	1873	281786	150.447	150.447
CRE_131	290	290	0	0	0
CRE_132	232	232	0	0	0
CRE_133	458	458	282363	616.513	616.513
CRE_134	1023	1023	182671	178.564	178.564
CRE_135	1275	1275	0	0	0
CRE_136	1309	1309	0	0	0
CRE_137	1661	1661	0	0	0
CRE_138	734	734	0	0	0
Mb21d2_control	1000	1000	1.45734e+06	1457.34	1457.34
Fgf12_control	1000	1000	657502	657.502	657.502
Wnt3_control	1000	1000	1.08306e+06	1083.06	1083.06
Zic3_promoter	1000	1000	0	0	0
Rnf12_promoter	1000	1000	33710.6	33.7106	33.7106
