name	size	covered	sum	mean0	mean 
CRE_1	1023	1023	257925	252.126	252.126
CRE_2	966	966	370240	383.271	383.271
CRE_3	703	703	401.127	0.570593	0.570593
CRE_4	1453	1453	48937.5	33.6803	33.6803
CRE_5	928	928	26474.4	28.5284	28.5284
CRE_6	769	769	0	0	0
CRE_7	1212	1212	25538.4	21.0713	21.0713
CRE_8	979	979	179972	183.833	183.833
CRE_9	806	806	23265.4	28.8652	28.8652
CRE_10	1639	1639	63645.5	38.8319	38.8319
CRE_11	304	304	299508	985.223	985.223
CRE_12	740	740	303385	409.98	409.98
CRE_13	1078	1078	32090.2	29.7682	29.7682
CRE_14	231	231	26073.3	112.871	112.871
CRE_15	1149	1149	53884.7	46.8971	46.8971
CRE_16	243	243	23800.2	97.9432	97.9432
CRE_17	1025	1025	0	0	0
CRE_18	885	885	0	0	0
CRE_19	59	59	0	0	0
CRE_20	1356	1356	35566.6	26.2291	26.2291
CRE_21	266	266	0	0	0
CRE_22	1766	1766	176362	99.8653	99.8653
CRE_23	367	367	0	0	0
CRE_24	1349	1349	43054.3	31.9157	31.9157
CRE_25	1570	1570	37438.5	23.8462	23.8462
CRE_26	1137	1137	126221	111.013	111.013
CRE_27	1130	1130	0	0	0
CRE_28	681	681	50809.4	74.61	74.61
CRE_29	1054	1054	0	0	0
CRE_30	1268	1268	88114.2	69.4907	69.4907
CRE_31	1838	1838	64314	34.9913	34.9913
CRE_32	825	825	3075.31	3.72764	3.72764
CRE_33	658	658	20992.3	31.9032	31.9032
CRE_34	707	707	0	0	0
CRE_35	475	475	25939.5	54.6096	54.6096
CRE_36	1607	1607	1203.38	0.748837	0.748837
CRE_37	874	874	39577.9	45.2836	45.2836
CRE_38	1250	1250	313681	250.945	250.945
CRE_39	1432	1432	0	0	0
CRE_40	368	368	29950.8	81.3881	81.3881
CRE_41	766	766	30485.7	39.7985	39.7985
CRE_42	761	761	2807.89	3.68974	3.68974
CRE_43	1781	1781	55890.4	31.3814	31.3814
CRE_44	107	107	0	0	0
CRE_45	1087	1087	26073.3	23.9864	23.9864
CRE_46	1107	1107	0	0	0
CRE_47	514	514	0	0	0
CRE_48	1430	1430	46664.4	32.6325	32.6325
CRE_49	782	782	249902	319.568	319.568
CRE_50	1162	1162	23933.9	20.5972	20.5972
CRE_51	1364	1364	302985	222.129	222.129
CRE_52	1378	1378	43455.4	31.5351	31.5351
CRE_53	954	954	108906	114.157	114.157
CRE_54	453	453	4546.11	10.0356	10.0356
CRE_55	1360	1360	305926	224.946	224.946
CRE_56	435	435	653436	1502.15	1502.15
CRE_57	1638	1638	6.52245e+06	3981.96	3981.96
CRE_58	673	673	125419	186.358	186.358
CRE_59	526	526	895582	1702.63	1702.63
CRE_60	1484	1484	3.70762e+06	2498.39	2498.39
CRE_61	1209	1209	166334	137.58	137.58
CRE_62	693	693	12301.2	17.7507	17.7507
CRE_63	555	555	173955	313.433	313.433
CRE_64	806	806	0	0	0
CRE_65	1139	1139	0	0	0
CRE_66	832	832	40781.2	49.0159	49.0159
CRE_67	874	874	38641.9	44.2127	44.2127
CRE_68	928	928	354329	381.82	381.82
CRE_69	907	907	154969	170.859	170.859
CRE_70	966	966	26741.8	27.683	27.683
CRE_71	1376	1376	390430	283.743	283.743
CRE_72	565	565	77283.8	136.785	136.785
CRE_73	357	357	74208.5	207.867	207.867
CRE_74	1131	1131	53483.6	47.2888	47.2888
CRE_75	403	403	24869.9	61.7118	61.7118
CRE_76	1532	1532	7353.99	4.80026	4.80026
CRE_77	1304	1304	39444.2	30.2486	30.2486
CRE_78	993	993	0	0	0
CRE_79	1214	1214	46931.9	38.6589	38.6589
CRE_80	989	989	0	0	0
CRE_81	1811	1811	9760.76	5.38971	5.38971
CRE_82	1152	1152	0	0	0
CRE_83	319	319	29416	92.2131	92.2131
CRE_84	1627	1627	53617.3	32.9547	32.9547
CRE_85	1155	1155	31822.7	27.5522	27.5522
CRE_86	714	714	0	0	0
CRE_87	954	954	49338.6	51.7176	51.7176
CRE_88	1341	1341	19788.9	14.7568	14.7568
CRE_89	667	667	59767.9	89.6071	89.6071
CRE_90	1028	1028	70732.1	68.8055	68.8055
CRE_91	1007	1007	2273.05	2.25725	2.25725
CRE_92	201	201	14306.9	71.1784	71.1784
CRE_93	1552	1552	0	0	0
CRE_94	1166	1166	0	0	0
CRE_95	540	540	0	0	0
CRE_96	736	736	15777.7	21.437	21.437
CRE_97	1445	1445	92526.6	64.0323	64.0323
CRE_98	961	961	0	0	0
CRE_99	1844	1844	21660.9	11.7467	11.7467
CRE_100	946	946	28078.9	29.6817	29.6817
CRE_101	224	224	8557.38	38.2026	38.2026
CRE_102	300	300	0	0	0
CRE_103	1934	1934	0	0	0
CRE_104	368	368	39310.4	106.822	106.822
CRE_105	1519	1519	119937	78.9578	78.9578
CRE_106	932	932	143603	154.081	154.081
CRE_107	856	856	6952.87	8.12251	8.12251
CRE_108	1299	1299	0	0	0
CRE_109	715	715	0	0	0
CRE_110	763	763	50542	66.2412	66.2412
CRE_111	1287	1287	263407	204.667	204.667
CRE_112	1291	1291	77551.2	60.0707	60.0707
CRE_113	713	713	196017	274.919	274.919
CRE_114	827	827	53349.9	64.5101	64.5101
CRE_115	217	217	51611.7	237.842	237.842
CRE_116	918	918	36770	40.0544	40.0544
CRE_117	1024	1024	96537.9	94.2753	94.2753
CRE_118	728	728	30084.5	41.3249	41.3249
CRE_119	1489	1489	79958	53.6991	53.6991
CRE_120	1613	1613	23265.4	14.4237	14.4237
CRE_121	1421	1421	63779.2	44.8833	44.8833
CRE_122	1080	1080	0	0	0
CRE_123	1496	1496	28881.1	19.3056	19.3056
CRE_124	225	225	0	0	0
CRE_125	1027	1027	32758.7	31.8975	31.8975
CRE_126	1783	1783	0	0	0
CRE_127	1823	1823	445786	244.534	244.534
CRE_128	1366	1366	344835	252.442	252.442
CRE_129	1394	1394	62041	44.5057	44.5057
CRE_130	1873	1873	285335	152.341	152.341
CRE_131	290	290	0	0	0
CRE_132	232	232	0	0	0
CRE_133	458	458	53216.2	116.193	116.193
CRE_134	1023	1023	84637.8	82.7349	82.7349
CRE_135	1275	1275	66453.4	52.1203	52.1203
CRE_136	1309	1309	148818	113.688	113.688
CRE_137	1661	1661	67924.2	40.8935	40.8935
CRE_138	734	734	32357.6	44.0839	44.0839
Mb21d2_control	1000	1000	2.8484e+06	2848.4	2848.4
Fgf12_control	1000	1000	1.46879e+06	1468.79	1468.79
Wnt3_control	1000	1000	1.26088e+06	1260.88	1260.88
Zic3_promoter	1000	1000	63244.4	63.2444	63.2444
Rnf12_promoter	1000	1000	16713.6	16.7136	16.7136
