name	size	covered	sum	mean0	mean 
CRE_1	1023	1023	232108	226.889	226.889
CRE_2	966	966	263174	272.437	272.437
CRE_3	703	703	56795.2	80.7898	80.7898
CRE_4	1453	1453	29560.9	20.3447	20.3447
CRE_5	928	928	0	0	0
CRE_6	769	769	108664	141.305	141.305
CRE_7	1212	1212	40098.8	33.0848	33.0848
CRE_8	979	979	234845	239.882	239.882
CRE_9	806	806	0	0	0
CRE_10	1639	1639	0	0	0
CRE_11	304	304	181197	596.044	596.044
CRE_12	740	740	222528	300.713	300.713
CRE_13	1078	1078	20254.7	18.7891	18.7891
CRE_14	231	231	15464.7	66.9469	66.9469
CRE_15	1149	1149	32298	28.1097	28.1097
CRE_16	243	243	0	0	0
CRE_17	1025	1025	0	0	0
CRE_18	885	885	61722.1	69.7424	69.7424
CRE_19	59	59	0	0	0
CRE_20	1356	1356	196525	144.93	144.93
CRE_21	266	266	21623.2	81.2904	81.2904
CRE_22	1766	1766	103326	58.5087	58.5087
CRE_23	367	367	16970.1	46.2402	46.2402
CRE_24	1349	1349	0	0	0
CRE_25	1570	1570	96894	61.716	61.716
CRE_26	1137	1137	82797.9	72.8214	72.8214
CRE_27	1130	1130	176818	156.476	156.476
CRE_28	681	681	70070.3	102.893	102.893
CRE_29	1054	1054	0	0	0
CRE_30	1268	1268	64048.6	50.5115	50.5115
CRE_31	1838	1838	38319.7	20.8486	20.8486
CRE_32	825	825	15738.4	19.0769	19.0769
CRE_33	658	658	0	0	0
CRE_34	707	707	22444.4	31.7459	31.7459
CRE_35	475	475	33666.6	70.877	70.877
CRE_36	1607	1607	0	0	0
CRE_37	874	874	35582.6	40.7123	40.7123
CRE_38	1250	1250	129055	103.244	103.244
CRE_39	1432	1432	15601.6	10.895	10.895
CRE_40	368	368	75407.7	204.912	204.912
CRE_41	766	766	58163.8	75.9319	75.9319
CRE_42	761	761	8895.64	11.6894	11.6894
CRE_43	1781	1781	177776	99.8181	99.8181
CRE_44	107	107	0	0	0
CRE_45	1087	1087	52826.4	48.5984	48.5984
CRE_46	1107	1107	153416	138.587	138.587
CRE_47	514	514	0	0	0
CRE_48	1430	1430	74176	51.8713	51.8713
CRE_49	782	782	245383	313.789	313.789
CRE_50	1162	1162	1505.42	1.29554	1.29554
CRE_51	1364	1364	293146	214.916	214.916
CRE_52	1378	1378	97852	71.0102	71.0102
CRE_53	954	954	49131.3	51.5003	51.5003
CRE_54	453	453	51457.9	113.594	113.594
CRE_55	1360	1360	425759	313.058	313.058
CRE_56	435	435	247846	569.762	569.762
CRE_57	1638	1638	4.06298e+06	2480.45	2480.45
CRE_58	673	673	29560.9	43.9241	43.9241
CRE_59	526	526	370196	703.794	703.794
CRE_60	1484	1484	2.60068e+06	1752.48	1752.48
CRE_61	1209	1209	104832	86.7094	86.7094
CRE_62	693	693	20528.4	29.6225	29.6225
CRE_63	555	555	35445.7	63.8661	63.8661
CRE_64	806	806	85671.9	106.293	106.293
CRE_65	1139	1139	58984.9	51.7866	51.7866
CRE_66	832	832	37088	44.5769	44.5769
CRE_67	874	874	0	0	0
CRE_68	928	928	191598	206.464	206.464
CRE_69	907	907	37909.1	41.7962	41.7962
CRE_70	966	966	91693.5	94.9208	94.9208
CRE_71	1376	1376	63090.6	45.8507	45.8507
CRE_72	565	565	153553	271.774	271.774
CRE_73	357	357	74449.7	208.542	208.542
CRE_74	1131	1131	169565	149.924	149.924
CRE_75	403	403	0	0	0
CRE_76	1532	1532	49268.2	32.1594	32.1594
CRE_77	1304	1304	46394.2	35.5784	35.5784
CRE_78	993	993	32024.3	32.2501	32.2501
CRE_79	1214	1214	154100	126.936	126.936
CRE_80	989	989	6979.66	7.05729	7.05729
CRE_81	1811	1811	10401.1	5.74327	5.74327
CRE_82	1152	1152	30792.6	26.7297	26.7297
CRE_83	319	319	0	0	0
CRE_84	1627	1627	135624	83.3585	83.3585
CRE_85	1155	1155	0	0	0
CRE_86	714	714	0	0	0
CRE_87	954	954	32571.7	34.1423	34.1423
CRE_88	1341	1341	47762.7	35.6173	35.6173
CRE_89	667	667	90461.8	135.625	135.625
CRE_90	1028	1028	294651	286.626	286.626
CRE_91	1007	1007	0	0	0
CRE_92	201	201	0	0	0
CRE_93	1552	1552	0	0	0
CRE_94	1166	1166	0	0	0
CRE_95	540	540	112496	208.325	208.325
CRE_96	736	736	168744	229.271	229.271
CRE_97	1445	1445	0	0	0
CRE_98	961	961	9306.21	9.68388	9.68388
CRE_99	1844	1844	0	0	0
CRE_100	946	946	41877.9	44.2684	44.2684
CRE_101	224	224	0	0	0
CRE_102	300	300	0	0	0
CRE_103	1934	1934	0	0	0
CRE_104	368	368	30655.7	83.3037	83.3037
CRE_105	1519	1519	255921	168.48	168.48
CRE_106	932	932	73765.4	79.1474	79.1474
CRE_107	856	856	61995.8	72.425	72.425
CRE_108	1299	1299	0	0	0
CRE_109	715	715	0	0	0
CRE_110	763	763	223896	293.442	293.442
CRE_111	1287	1287	174081	135.261	135.261
CRE_112	1291	1291	160532	124.347	124.347
CRE_113	713	713	36130	50.6732	50.6732
CRE_114	827	827	46531	56.2649	56.2649
CRE_115	217	217	31203.2	143.793	143.793
CRE_116	918	918	161627	176.064	176.064
CRE_117	1024	1024	0	0	0
CRE_118	728	728	38046	52.2609	52.2609
CRE_119	1489	1489	95799.2	64.3379	64.3379
CRE_120	1613	1613	43109.6	26.7264	26.7264
CRE_121	1421	1421	79787	56.1485	56.1485
CRE_122	1080	1080	0	0	0
CRE_123	1496	1496	93062.1	62.2073	62.2073
CRE_124	225	225	0	0	0
CRE_125	1027	1027	62406.3	60.7657	60.7657
CRE_126	1783	1783	0	0	0
CRE_127	1823	1823	444235	243.683	243.683
CRE_128	1366	1366	128234	93.8756	93.8756
CRE_129	1394	1394	86493	62.0466	62.0466
CRE_130	1873	1873	228002	121.731	121.731
CRE_131	290	290	24086.7	83.0574	83.0574
CRE_132	232	232	0	0	0
CRE_133	458	458	16422.7	35.8575	35.8575
CRE_134	1023	1023	9716.78	9.49831	9.49831
CRE_135	1275	1275	0	0	0
CRE_136	1309	1309	156290	119.396	119.396
CRE_137	1661	1661	16970.1	10.2168	10.2168
CRE_138	734	734	101410	138.161	138.161
Mb21d2_control	1000	1000	2.70523e+06	2705.23	2705.23
Fgf12_control	1000	1000	1.59725e+06	1597.25	1597.25
Wnt3_control	1000	1000	1.31902e+06	1319.02	1319.02
Zic3_promoter	1000	1000	185166	185.166	185.166
Rnf12_promoter	1000	1000	48857.6	48.8576	48.8576
