name	size	covered	sum	mean0	mean 
CRE_1	1023	1023	303822	296.991	296.991
CRE_2	966	966	339912	351.876	351.876
CRE_3	703	703	3207.98	4.56328	4.56328
CRE_4	1453	1453	0	0	0
CRE_5	928	928	0	0	0
CRE_6	769	769	31144.2	40.4996	40.4996
CRE_7	1212	1212	9490.29	7.83027	7.83027
CRE_8	979	979	0	0	0
CRE_9	806	806	0	0	0
CRE_10	1639	1639	0	0	0
CRE_11	304	304	66565.6	218.966	218.966
CRE_12	740	740	351140	474.513	474.513
CRE_13	1078	1078	19515.2	18.1032	18.1032
CRE_14	231	231	0	0	0
CRE_15	1149	1149	94902.5	82.5957	82.5957
CRE_16	243	243	0	0	0
CRE_17	1025	1025	25262.9	24.6467	24.6467
CRE_18	885	885	26733.2	30.207	30.207
CRE_19	59	59	0	0	0
CRE_20	1356	1356	37426.5	27.6006	27.6006
CRE_21	266	266	0	0	0
CRE_22	1766	1766	835544	473.128	473.128
CRE_23	367	367	26064.9	71.0214	71.0214
CRE_24	1349	1349	91293.8	67.6752	67.6752
CRE_25	1570	1570	0	0	0
CRE_26	1137	1137	113616	99.926	99.926
CRE_27	1130	1130	11094.3	9.81795	9.81795
CRE_28	681	681	96774	142.106	142.106
CRE_29	1054	1054	0	0	0
CRE_30	1268	1268	8554.62	6.74655	6.74655
CRE_31	1838	1838	0	0	0
CRE_32	825	825	201301	244.001	244.001
CRE_33	658	658	25663.9	39.0028	39.0028
CRE_34	707	707	34619.5	48.9668	48.9668
CRE_35	475	475	0	0	0
CRE_36	1607	1607	0	0	0
CRE_37	874	874	0	0	0
CRE_38	1250	1250	159463	127.571	127.571
CRE_39	1432	1432	109205	76.2605	76.2605
CRE_40	368	368	96372.9	261.883	261.883
CRE_41	766	766	0	0	0
CRE_42	761	761	27000.5	35.4803	35.4803
CRE_43	1781	1781	94769.2	53.2112	53.2112
CRE_44	107	107	0	0	0
CRE_45	1087	1087	62555.5	57.5487	57.5487
CRE_46	1107	1107	25931.2	23.4248	23.4248
CRE_47	514	514	41837.5	81.3958	81.3958
CRE_48	1430	1430	52397.1	36.6413	36.6413
CRE_49	782	782	79798.6	102.044	102.044
CRE_50	1162	1162	62689.2	53.9494	53.9494
CRE_51	1364	1364	260114	190.699	190.699
CRE_52	1378	1378	28738.2	20.855	20.855
CRE_53	954	954	16975.6	17.7941	17.7941
CRE_54	453	453	16173.6	35.7033	35.7033
CRE_55	1360	1360	275351	202.464	202.464
CRE_56	435	435	164676	378.566	378.566
CRE_57	1638	1638	3.2732e+06	1998.29	1998.29
CRE_58	673	673	78328.2	116.387	116.387
CRE_59	526	526	399126	758.795	758.795
CRE_60	1484	1484	2.28354e+06	1538.78	1538.78
CRE_61	1209	1209	27535.2	22.7752	22.7752
CRE_62	693	693	0	0	0
CRE_63	555	555	26465.8	47.6861	47.6861
CRE_64	806	806	17643.9	21.8907	21.8907
CRE_65	1139	1139	84877.9	74.5197	74.5197
CRE_66	832	832	0	0	0
CRE_67	874	874	0	0	0
CRE_68	928	928	137809	148.501	148.501
CRE_69	907	907	41302.7	45.5377	45.5377
CRE_70	966	966	58011	60.0528	60.0528
CRE_71	1376	1376	37292.8	27.1023	27.1023
CRE_72	565	565	133.666	0.236577	0.236577
CRE_73	357	357	61352.6	171.856	171.856
CRE_74	1131	1131	54268.2	47.9825	47.9825
CRE_75	403	403	31946.2	79.2709	79.2709
CRE_76	1532	1532	31678.8	20.6781	20.6781
CRE_77	1304	1304	37426.4	28.7012	28.7012
CRE_78	993	993	13099.3	13.1916	13.1916
CRE_79	1214	1214	36357.2	29.9482	29.9482
CRE_80	989	989	0	0	0
CRE_81	1811	1811	37827.5	20.8876	20.8876
CRE_82	1152	1152	0	0	0
CRE_83	319	319	0	0	0
CRE_84	1627	1627	0	0	0
CRE_85	1155	1155	64694.3	56.0124	56.0124
CRE_86	714	714	0	0	0
CRE_87	954	954	41570.1	43.5746	43.5746
CRE_88	1341	1341	59481.2	44.3559	44.3559
CRE_89	667	667	31946.1	47.8952	47.8952
CRE_90	1028	1028	16173.6	15.7331	15.7331
CRE_91	1007	1007	0	0	0
CRE_92	201	201	0	0	0
CRE_93	1552	1552	6014.97	3.87563	3.87563
CRE_94	1166	1166	0	0	0
CRE_95	540	540	26198.5	48.5158	48.5158
CRE_96	736	736	62020.8	84.2675	84.2675
CRE_97	1445	1445	62154.7	43.0136	43.0136
CRE_98	961	961	114551	119.2	119.2
CRE_99	1844	1844	0	0	0
CRE_100	946	946	46515.7	49.171	49.171
CRE_101	224	224	0	0	0
CRE_102	300	300	11361.6	37.872	37.872
CRE_103	1934	1934	44778.1	23.1531	23.1531
CRE_104	368	368	51060.3	138.751	138.751
CRE_105	1519	1519	315718	207.846	207.846
CRE_106	932	932	0	0	0
CRE_107	856	856	0	0	0
CRE_108	1299	1299	72179.4	55.5654	55.5654
CRE_109	715	715	0	0	0
CRE_110	763	763	94768.9	124.206	124.206
CRE_111	1287	1287	102789	79.8671	79.8671
CRE_112	1291	1291	168018	130.146	130.146
CRE_113	713	713	12965.6	18.1846	18.1846
CRE_114	827	827	31812.5	38.4674	38.4674
CRE_115	217	217	29005.5	133.666	133.666
CRE_116	918	918	0	0	0
CRE_117	1024	1024	0	0	0
CRE_118	728	728	63090.3	86.6625	86.6625
CRE_119	1489	1489	99313.5	66.6981	66.6981
CRE_120	1613	1613	0	0	0
CRE_121	1421	1421	70308.3	49.478	49.478
CRE_122	1080	1080	0	0	0
CRE_123	1496	1496	146498	97.9263	97.9263
CRE_124	225	225	31144.2	138.419	138.419
CRE_125	1027	1027	0	0	0
CRE_126	1783	1783	56674.4	31.786	31.786
CRE_127	1823	1823	378675	207.721	207.721
CRE_128	1366	1366	437354	320.171	320.171
CRE_129	1394	1394	99580.9	71.4354	71.4354
CRE_130	1873	1873	157458	84.0675	84.0675
CRE_131	290	290	24460.9	84.3479	84.3479
CRE_132	232	232	0	0	0
CRE_133	458	458	62689.2	136.876	136.876
CRE_134	1023	1023	23257.9	22.735	22.735
CRE_135	1275	1275	51862.3	40.6764	40.6764
CRE_136	1309	1309	44243.4	33.7994	33.7994
CRE_137	1661	1661	2004.99	1.2071	1.2071
CRE_138	734	734	35555.2	48.4403	48.4403
Mb21d2_control	1000	1000	2.12609e+06	2126.09	2126.09
Fgf12_control	1000	1000	1.6239e+06	1623.9	1623.9
Wnt3_control	1000	1000	848644	848.644	848.644
Zic3_promoter	1000	1000	120567	120.567	120.567
Rnf12_promoter	1000	1000	7886.29	7.88629	7.88629
