name	size	covered	sum	mean0	mean 
CRE_1	1023	1023	252621	246.942	246.942
CRE_2	966	966	305889	316.655	316.655
CRE_3	703	703	36043.2	51.2705	51.2705
CRE_4	1453	1453	98241.5	67.6129	67.6129
CRE_5	928	928	0	0	0
CRE_6	769	769	11482.8	14.9321	14.9321
CRE_7	1212	1212	0	0	0
CRE_8	979	979	44655.4	45.6132	45.6132
CRE_9	806	806	0	0	0
CRE_10	1639	1639	24560.4	14.985	14.985
CRE_11	304	304	87556.4	288.015	288.015
CRE_12	740	740	154539	208.837	208.837
CRE_13	1078	1078	0	0	0
CRE_14	231	231	73681.4	318.967	318.967
CRE_15	1149	1149	0	0	0
CRE_16	243	243	0	0	0
CRE_17	1025	1025	53426.8	52.1237	52.1237
CRE_18	885	885	34767.3	39.2851	39.2851
CRE_19	59	59	0	0	0
CRE_20	1356	1356	127427	93.9729	93.9729
CRE_21	266	266	0	0	0
CRE_22	1766	1766	503329	285.011	285.011
CRE_23	367	367	0	0	0
CRE_24	1349	1349	0	0	0
CRE_25	1570	1570	0	0	0
CRE_26	1137	1137	59646.6	52.4597	52.4597
CRE_27	1130	1130	0	0	0
CRE_28	681	681	4625.01	6.79149	6.79149
CRE_29	1054	1054	0	0	0
CRE_30	1268	1268	66185.4	52.1967	52.1967
CRE_31	1838	1838	44974.2	24.4691	24.4691
CRE_32	825	825	0	0	0
CRE_33	658	658	0	0	0
CRE_34	707	707	0	0	0
CRE_35	475	475	0	0	0
CRE_36	1607	1607	21689.7	13.497	13.497
CRE_37	874	874	0	0	0
CRE_38	1250	1250	242574	194.059	194.059
CRE_39	1432	1432	0	0	0
CRE_40	368	368	64909.7	176.385	176.385
CRE_41	766	766	115147	150.322	150.322
CRE_42	761	761	0	0	0
CRE_43	1781	1781	81814.8	45.9376	45.9376
CRE_44	107	107	0	0	0
CRE_45	1087	1087	168095	154.642	154.642
CRE_46	1107	1107	80379.6	72.6103	72.6103
CRE_47	514	514	44336.3	86.2573	86.2573
CRE_48	1430	1430	22806.1	15.9483	15.9483
CRE_49	782	782	190901	244.12	244.12
CRE_50	1162	1162	44495.8	38.2925	38.2925
CRE_51	1364	1364	191539	140.425	140.425
CRE_52	1378	1378	0	0	0
CRE_53	954	954	0	0	0
CRE_54	453	453	45612.1	100.689	100.689
CRE_55	1360	1360	251186	184.696	184.696
CRE_56	435	435	215143	494.581	494.581
CRE_57	1638	1638	4.44847e+06	2715.79	2715.79
CRE_58	673	673	117061	173.939	173.939
CRE_59	526	526	528209	1004.2	1004.2
CRE_60	1484	1484	3.55807e+06	2397.62	2397.62
CRE_61	1209	1209	94573.6	78.2246	78.2246
CRE_62	693	693	27590.6	39.8132	39.8132
CRE_63	555	555	460428	829.6	829.6
CRE_64	806	806	0	0	0
CRE_65	1139	1139	153104	134.42	134.42
CRE_66	832	832	61401	73.7992	73.7992
CRE_67	874	874	22168.1	25.364	25.364
CRE_68	928	928	366971	395.443	395.443
CRE_69	907	907	35724.2	39.3872	39.3872
CRE_70	966	966	116104	120.19	120.19
CRE_71	1376	1376	264104	191.936	191.936
CRE_72	565	565	318.966	0.564542	0.564542
CRE_73	357	357	0	0	0
CRE_74	1131	1131	6219.84	5.49941	5.49941
CRE_75	403	403	64909.7	161.066	161.066
CRE_76	1532	1532	64750.1	42.2651	42.2651
CRE_77	1304	1304	35245.7	27.0289	27.0289
CRE_78	993	993	0	0	0
CRE_79	1214	1214	0	0	0
CRE_80	989	989	0	0	0
CRE_81	1811	1811	0	0	0
CRE_82	1152	1152	33172.5	28.7955	28.7955
CRE_83	319	319	0	0	0
CRE_84	1627	1627	41944	25.78	25.78
CRE_85	1155	1155	42263	36.5913	36.5913
CRE_86	714	714	0	0	0
CRE_87	954	954	82771.7	86.7628	86.7628
CRE_88	1341	1341	0	0	0
CRE_89	667	667	0	0	0
CRE_90	1028	1028	133647	130.007	130.007
CRE_91	1007	1007	29663.8	29.4576	29.4576
CRE_92	201	201	0	0	0
CRE_93	1552	1552	0	0	0
CRE_94	1166	1166	0	0	0
CRE_95	540	540	0	0	0
CRE_96	736	736	0	0	0
CRE_97	1445	1445	105737	73.1746	73.1746
CRE_98	961	961	99358	103.39	103.39
CRE_99	1844	1844	23284.5	12.6272	12.6272
CRE_100	946	946	0	0	0
CRE_101	224	224	0	0	0
CRE_102	300	300	0	0	0
CRE_103	1934	1934	37957	19.6261	19.6261
CRE_104	368	368	0	0	0
CRE_105	1519	1519	248794	163.788	163.788
CRE_106	932	932	35883.7	38.5018	38.5018
CRE_107	856	856	52788.9	61.6692	61.6692
CRE_108	1299	1299	0	0	0
CRE_109	715	715	0	0	0
CRE_110	763	763	133169	174.533	174.533
CRE_111	1287	1287	245764	190.959	190.959
CRE_112	1291	1291	138272	107.104	107.104
CRE_113	713	713	31418.2	44.0647	44.0647
CRE_114	827	827	36681.1	44.3544	44.3544
CRE_115	217	217	0	0	0
CRE_116	918	918	0	0	0
CRE_117	1024	1024	0	0	0
CRE_118	728	728	0	0	0
CRE_119	1489	1489	24082	16.1733	16.1733
CRE_120	1613	1613	144811	89.7774	89.7774
CRE_121	1421	1421	0	0	0
CRE_122	1080	1080	59646.8	55.2285	55.2285
CRE_123	1496	1496	54702.7	36.566	36.566
CRE_124	225	225	0	0	0
CRE_125	1027	1027	0	0	0
CRE_126	1783	1783	0	0	0
CRE_127	1823	1823	82452.7	45.2291	45.2291
CRE_128	1366	1366	224712	164.504	164.504
CRE_129	1394	1394	87077.7	62.4661	62.4661
CRE_130	1873	1873	77668.2	41.4673	41.4673
CRE_131	290	290	61720	212.828	212.828
CRE_132	232	232	0	0	0
CRE_133	458	458	0	0	0
CRE_134	1023	1023	7655.18	7.48307	7.48307
CRE_135	1275	1275	0	0	0
CRE_136	1309	1309	0	0	0
CRE_137	1661	1661	0	0	0
CRE_138	734	734	5262.94	7.17022	7.17022
Mb21d2_control	1000	1000	2.74407e+06	2744.07	2744.07
Fgf12_control	1000	1000	2.62972e+06	2629.72	2629.72
Wnt3_control	1000	1000	940792	940.792	940.792
Zic3_promoter	1000	1000	33331.9	33.3319	33.3319
Rnf12_promoter	1000	1000	79422.8	79.4228	79.4228
