name	size	covered	sum	mean0	mean 
CRE_1	1023	1023	267210	261.202	261.202
CRE_2	966	966	351559	363.933	363.933
CRE_3	703	703	19551.9	27.8122	27.8122
CRE_4	1453	1453	0	0	0
CRE_5	928	928	0	0	0
CRE_6	769	769	20805.3	27.055	27.055
CRE_7	1212	1212	0	0	0
CRE_8	979	979	112048	114.451	114.451
CRE_9	806	806	26946.6	33.4325	33.4325
CRE_10	1639	1639	27823.9	16.9762	16.9762
CRE_11	304	304	57402.5	188.824	188.824
CRE_12	740	740	299546	404.792	404.792
CRE_13	1078	1078	113301	105.103	105.103
CRE_14	231	231	26570.6	115.024	115.024
CRE_15	1149	1149	0	0	0
CRE_16	243	243	6141.32	25.2729	25.2729
CRE_17	1025	1025	29202.6	28.4903	28.4903
CRE_18	885	885	39354.6	44.4684	44.4684
CRE_19	59	59	0	0	0
CRE_20	1356	1356	23813.3	17.5614	17.5614
CRE_21	266	266	28701.3	107.899	107.899
CRE_22	1766	1766	895002	506.796	506.796
CRE_23	367	367	0	0	0
CRE_24	1349	1349	28074.6	20.8114	20.8114
CRE_25	1570	1570	24690.6	15.7265	15.7265
CRE_26	1137	1137	71815.8	63.1625	63.1625
CRE_27	1130	1130	0	0	0
CRE_28	681	681	122200	179.442	179.442
CRE_29	1054	1054	21933.3	20.8096	20.8096
CRE_30	1268	1268	238133	187.802	187.802
CRE_31	1838	1838	42111.9	22.9118	22.9118
CRE_32	825	825	0	0	0
CRE_33	658	658	0	0	0
CRE_34	707	707	20930.6	29.6048	29.6048
CRE_35	475	475	10904	22.9557	22.9557
CRE_36	1607	1607	25317.3	15.7544	15.7544
CRE_37	874	874	6767.98	7.74369	7.74369
CRE_38	1250	1250	321855	257.484	257.484
CRE_39	1432	1432	21807.9	15.229	15.229
CRE_40	368	368	118189	321.166	321.166
CRE_41	766	766	25066.6	32.724	32.724
CRE_42	761	761	32711.9	42.9854	42.9854
CRE_43	1781	1781	25317.3	14.2152	14.2152
CRE_44	107	107	0	0	0
CRE_45	1087	1087	19677.3	18.1024	18.1024
CRE_46	1107	1107	13536	12.2276	12.2276
CRE_47	514	514	0	0	0
CRE_48	1430	1430	0	0	0
CRE_49	782	782	299797	383.372	383.372
CRE_50	1162	1162	109792	94.4851	94.4851
CRE_51	1364	1364	234498	171.919	171.919
CRE_52	1378	1378	155664	112.963	112.963
CRE_53	954	954	137240	143.857	143.857
CRE_54	453	453	81591.8	180.114	180.114
CRE_55	1360	1360	305186	224.401	224.401
CRE_56	435	435	224471	516.026	516.026
CRE_57	1638	1638	4.55448e+06	2780.51	2780.51
CRE_58	673	673	80714.5	119.932	119.932
CRE_59	526	526	626540	1191.14	1191.14
CRE_60	1484	1484	2.9244e+06	1970.62	1970.62
CRE_61	1209	1209	116810	96.6173	96.6173
CRE_62	693	693	91242.4	131.663	131.663
CRE_63	555	555	182610	329.027	329.027
CRE_64	806	806	52514.5	65.1545	65.1545
CRE_65	1139	1139	57527.8	50.5073	50.5073
CRE_66	832	832	19802.6	23.8012	23.8012
CRE_67	874	874	17421.3	19.9328	19.9328
CRE_68	928	928	361836	389.91	389.91
CRE_69	907	907	94375.7	104.053	104.053
CRE_70	966	966	133981	138.697	138.697
CRE_71	1376	1376	271722	197.472	197.472
CRE_72	565	565	53266.5	94.277	94.277
CRE_73	357	357	0	0	0
CRE_74	1131	1131	30831.9	27.2608	27.2608
CRE_75	403	403	45871.9	113.826	113.826
CRE_76	1532	1532	78333.1	51.1313	51.1313
CRE_77	1304	1304	126962	97.3637	97.3637
CRE_78	993	993	0	0	0
CRE_79	1214	1214	9399.98	7.74298	7.74298
CRE_80	989	989	0	0	0
CRE_81	1811	1811	19050.6	10.5194	10.5194
CRE_82	1152	1152	0	0	0
CRE_83	319	319	0	0	0
CRE_84	1627	1627	66050.5	40.5965	40.5965
CRE_85	1155	1155	9901.31	8.57256	8.57256
CRE_86	714	714	0	0	0
CRE_87	954	954	0	0	0
CRE_88	1341	1341	55146.5	41.1234	41.1234
CRE_89	667	667	0	0	0
CRE_90	1028	1028	51386.5	49.9869	49.9869
CRE_91	1007	1007	0	0	0
CRE_92	201	201	17546.6	87.2966	87.2966
CRE_93	1552	1552	74698.5	48.1305	48.1305
CRE_94	1166	1166	45871.9	39.3412	39.3412
CRE_95	540	540	9274.64	17.1753	17.1753
CRE_96	736	736	0	0	0
CRE_97	1445	1445	0	0	0
CRE_98	961	961	0	0	0
CRE_99	1844	1844	0	0	0
CRE_100	946	946	0	0	0
CRE_101	224	224	0	0	0
CRE_102	300	300	0	0	0
CRE_103	1934	1934	0	0	0
CRE_104	368	368	0	0	0
CRE_105	1519	1519	227479	149.756	149.756
CRE_106	932	932	31834.6	34.1573	34.1573
CRE_107	856	856	24314.6	28.4049	28.4049
CRE_108	1299	1299	53391.9	41.1023	41.1023
CRE_109	715	715	0	0	0
CRE_110	763	763	301677	395.382	395.382
CRE_111	1287	1287	194141	150.848	150.848
CRE_112	1291	1291	211938	164.166	164.166
CRE_113	713	713	144008	201.974	201.974
CRE_114	827	827	97133.1	117.452	117.452
CRE_115	217	217	26695.9	123.023	123.023
CRE_116	918	918	0	0	0
CRE_117	1024	1024	0	0	0
CRE_118	728	728	0	0	0
CRE_119	1489	1489	30706.6	20.6223	20.6223
CRE_120	1613	1613	0	0	0
CRE_121	1421	1421	38978.6	27.4304	27.4304
CRE_122	1080	1080	36597.2	33.8863	33.8863
CRE_123	1496	1496	0	0	0
CRE_124	225	225	0	0	0
CRE_125	1027	1027	0	0	0
CRE_126	1783	1783	23938.6	13.426	13.426
CRE_127	1823	1823	223845	122.789	122.789
CRE_128	1366	1366	158922	116.341	116.341
CRE_129	1394	1394	23186.6	16.6331	16.6331
CRE_130	1873	1873	56399.9	30.112	30.112
CRE_131	290	290	26319.9	90.7584	90.7584
CRE_132	232	232	0	0	0
CRE_133	458	458	0	0	0
CRE_134	1023	1023	142504	139.3	139.3
CRE_135	1275	1275	0	0	0
CRE_136	1309	1309	88234.4	67.406	67.406
CRE_137	1661	1661	0	0	0
CRE_138	734	734	0	0	0
Mb21d2_control	1000	1000	3.4142e+06	3414.2	3414.2
Fgf12_control	1000	1000	1.86445e+06	1864.45	1864.45
Wnt3_control	1000	1000	1.28516e+06	1285.16	1285.16
Zic3_promoter	1000	1000	32085.2	32.0852	32.0852
Rnf12_promoter	1000	1000	0	0	0
