name	size	covered	sum	mean0	mean 
CRE_1	1023	1023	411536	402.284	402.284
CRE_2	966	966	632580	654.845	654.845
CRE_3	703	703	247.392	0.351909	0.351909
CRE_4	1453	1453	21646.8	14.898	14.898
CRE_5	928	928	114542	123.429	123.429
CRE_6	769	769	30429.2	39.5699	39.5699
CRE_7	1212	1212	0	0	0
CRE_8	979	979	0	0	0
CRE_9	806	806	0	0	0
CRE_10	1639	1639	27460.5	16.7544	16.7544
CRE_11	304	304	58631.9	192.868	192.868
CRE_12	740	740	232796	314.589	314.589
CRE_13	1078	1078	26099.9	24.2114	24.2114
CRE_14	231	231	0	0	0
CRE_15	1149	1149	9524.59	8.28946	8.28946
CRE_16	243	243	0	0	0
CRE_17	1025	1025	42427.7	41.3929	41.3929
CRE_18	885	885	51333.8	58.0043	58.0043
CRE_19	59	59	0	0	0
CRE_20	1356	1356	0	0	0
CRE_21	266	266	20162.4	75.7987	75.7987
CRE_22	1766	1766	33150.5	18.7715	18.7715
CRE_23	367	367	0	0	0
CRE_24	1349	1349	68651.3	50.8905	50.8905
CRE_25	1570	1570	21152	13.4726	13.4726
CRE_26	1137	1137	47870.4	42.1023	42.1023
CRE_27	1130	1130	32903.1	29.1178	29.1178
CRE_28	681	681	149672	219.783	219.783
CRE_29	1054	1054	0	0	0
CRE_30	1268	1268	198779	156.766	156.766
CRE_31	1838	1838	28573.8	15.5461	15.5461
CRE_32	825	825	0	0	0
CRE_33	658	658	0	0	0
CRE_34	707	707	0	0	0
CRE_35	475	475	0	0	0
CRE_36	1607	1607	0	0	0
CRE_37	874	874	0	0	0
CRE_38	1250	1250	124809	99.8473	99.8473
CRE_39	1432	1432	26223.6	18.3125	18.3125
CRE_40	368	368	5937.41	16.1343	16.1343
CRE_41	766	766	16575.3	21.6387	21.6387
CRE_42	761	761	67785.4	89.0741	89.0741
CRE_43	1781	1781	63703.4	35.7684	35.7684
CRE_44	107	107	0	0	0
CRE_45	1087	1087	0	0	0
CRE_46	1107	1107	33769	30.505	30.505
CRE_47	514	514	0	0	0
CRE_48	1430	1430	0	0	0
CRE_49	782	782	186657	238.692	238.692
CRE_50	1162	1162	1360.66	1.17096	1.17096
CRE_51	1364	1364	126541	92.772	92.772
CRE_52	1378	1378	34263.8	24.8649	24.8649
CRE_53	954	954	0	0	0
CRE_54	453	453	0	0	0
CRE_55	1360	1360	197171	144.979	144.979
CRE_56	435	435	160062	367.959	367.959
CRE_57	1638	1638	2.28132e+06	1392.75	1392.75
CRE_58	673	673	115408	171.483	171.483
CRE_59	526	526	258524	491.491	491.491
CRE_60	1484	1484	1.99088e+06	1341.57	1341.57
CRE_61	1209	1209	72485.9	59.9552	59.9552
CRE_62	693	693	0	0	0
CRE_63	555	555	39706.4	71.5431	71.5431
CRE_64	806	806	6555.89	8.13386	8.13386
CRE_65	1139	1139	22141.6	19.4395	19.4395
CRE_66	832	832	0	0	0
CRE_67	874	874	27213.1	31.1363	31.1363
CRE_68	928	928	241083	259.788	259.788
CRE_69	907	907	88195.2	97.2384	97.2384
CRE_70	966	966	168474	174.403	174.403
CRE_71	1376	1376	134705	97.896	97.896
CRE_72	565	565	56281.7	99.6136	99.6136
CRE_73	357	357	34140.1	95.6305	95.6305
CRE_74	1131	1131	109966	97.2288	97.2288
CRE_75	403	403	8040.24	19.951	19.951
CRE_76	1532	1532	28079	18.3283	18.3283
CRE_77	1304	1304	81020.9	62.1326	62.1326
CRE_78	993	993	0	0	0
CRE_79	1214	1214	11008.9	9.06832	9.06832
CRE_80	989	989	0	0	0
CRE_81	1811	1811	0	0	0
CRE_82	1152	1152	0	0	0
CRE_83	319	319	0	0	0
CRE_84	1627	1627	0	0	0
CRE_85	1155	1155	0	0	0
CRE_86	714	714	0	0	0
CRE_87	954	954	60487.3	63.4039	63.4039
CRE_88	1341	1341	0	0	0
CRE_89	667	667	40572.3	60.828	60.828
CRE_90	1028	1028	85968.7	83.6272	83.6272
CRE_91	1007	1007	0	0	0
CRE_92	201	201	9400.9	46.7706	46.7706
CRE_93	1552	1552	59745.2	38.4956	38.4956
CRE_94	1166	1166	0	0	0
CRE_95	540	540	35871.8	66.4293	66.4293
CRE_96	736	736	8906.11	12.1007	12.1007
CRE_97	1445	1445	17070	11.8132	11.8132
CRE_98	961	961	15338.3	15.9608	15.9608
CRE_99	1844	1844	47375.6	25.6917	25.6917
CRE_100	946	946	0	0	0
CRE_101	224	224	0	0	0
CRE_102	300	300	0	0	0
CRE_103	1934	1934	29439.6	15.2222	15.2222
CRE_104	368	368	23625.9	64.2009	64.2009
CRE_105	1519	1519	239970	157.979	157.979
CRE_106	932	932	38345.8	41.1435	41.1435
CRE_107	856	856	26718.3	31.213	31.213
CRE_108	1299	1299	0	0	0
CRE_109	715	715	0	0	0
CRE_110	763	763	224384	294.082	294.082
CRE_111	1287	1287	189626	147.339	147.339
CRE_112	1291	1291	38345.8	29.7024	29.7024
CRE_113	713	713	117016	164.118	164.118
CRE_114	827	827	115037	139.102	139.102
CRE_115	217	217	42675.1	196.659	196.659
CRE_116	918	918	0	0	0
CRE_117	1024	1024	17935.9	17.5155	17.5155
CRE_118	728	728	79041.7	108.574	108.574
CRE_119	1489	1489	27831.6	18.6915	18.6915
CRE_120	1613	1613	10514.2	6.51839	6.51839
CRE_121	1421	1421	25605.1	18.0191	18.0191
CRE_122	1080	1080	0	0	0
CRE_123	1496	1496	22883.8	15.2966	15.2966
CRE_124	225	225	0	0	0
CRE_125	1027	1027	20904.6	20.355	20.355
CRE_126	1783	1783	70630.4	39.6132	39.6132
CRE_127	1823	1823	327547	179.675	179.675
CRE_128	1366	1366	124191	90.9157	90.9157
CRE_129	1394	1394	135323	97.0755	97.0755
CRE_130	1873	1873	172556	92.128	92.128
CRE_131	290	290	9153.5	31.5638	31.5638
CRE_132	232	232	55415.8	238.861	238.861
CRE_133	458	458	87576.8	191.216	191.216
CRE_134	1023	1023	104894	102.536	102.536
CRE_135	1275	1275	20038.8	15.7167	15.7167
CRE_136	1309	1309	48365.1	36.9482	36.9482
CRE_137	1661	1661	0	0	0
CRE_138	734	734	82134.1	111.899	111.899
Mb21d2_control	1000	1000	3.06704e+06	3067.04	3067.04
Fgf12_control	1000	1000	1.58603e+06	1586.03	1586.03
Wnt3_control	1000	1000	1.16769e+06	1167.69	1167.69
Zic3_promoter	1000	1000	212138	212.138	212.138
Rnf12_promoter	1000	1000	13606.6	13.6066	13.6066
