name	size	covered	sum	mean0	mean 
CRE_1	1023	1023	233615	228.363	228.363
CRE_2	966	966	709008	733.963	733.963
CRE_3	703	703	0	0	0
CRE_4	1453	1453	0	0	0
CRE_5	928	928	57128.7	61.5611	61.5611
CRE_6	769	769	0	0	0
CRE_7	1212	1212	54359.5	44.8511	44.8511
CRE_8	979	979	221957	226.718	226.718
CRE_9	806	806	24337.9	30.1959	30.1959
CRE_10	1639	1639	21568.9	13.1598	13.1598
CRE_11	304	304	80155	263.668	263.668
CRE_12	740	740	62812.3	84.8815	84.8815
CRE_13	1078	1078	0	0	0
CRE_14	231	231	0	0	0
CRE_15	1149	1149	7869.74	6.84921	6.84921
CRE_16	243	243	0	0	0
CRE_17	1025	1025	0	0	0
CRE_18	885	885	0	0	0
CRE_19	59	59	0	0	0
CRE_20	1356	1356	25649.5	18.9156	18.9156
CRE_21	266	266	0	0	0
CRE_22	1766	1766	357929	202.678	202.678
CRE_23	367	367	66892.9	182.27	182.27
CRE_24	1349	1349	46052.6	34.1383	34.1383
CRE_25	1570	1570	57128.5	36.3876	36.3876
CRE_26	1137	1137	22151.9	19.4827	19.4827
CRE_27	1130	1130	9035.65	7.99615	7.99615
CRE_28	681	681	197327	289.761	289.761
CRE_29	1054	1054	0	0	0
CRE_30	1268	1268	98080.4	77.3505	77.3505
CRE_31	1838	1838	109594	59.6266	59.6266
CRE_32	825	825	0	0	0
CRE_33	658	658	162642	247.176	247.176
CRE_34	707	707	23900.8	33.8059	33.8059
CRE_35	475	475	0	0	0
CRE_36	1607	1607	48967.3	30.4712	30.4712
CRE_37	874	874	0	0	0
CRE_38	1250	1250	220354	176.283	176.283
CRE_39	1432	1432	0	0	0
CRE_40	368	368	51299.1	139.4	139.4
CRE_41	766	766	0	0	0
CRE_42	761	761	85109.9	111.84	111.84
CRE_43	1781	1781	61500.6	34.5315	34.5315
CRE_44	107	107	0	0	0
CRE_45	1087	1087	73888.2	67.9745	67.9745
CRE_46	1107	1107	54796.9	49.5004	49.5004
CRE_47	514	514	0	0	0
CRE_48	1430	1430	0	0	0
CRE_49	782	782	87733.1	112.191	112.191
CRE_50	1162	1162	11075.9	9.53179	9.53179
CRE_51	1364	1364	186980	137.082	137.082
CRE_52	1378	1378	44886.7	32.5738	32.5738
CRE_53	954	954	0	0	0
CRE_54	453	453	110614	244.181	244.181
CRE_55	1360	1360	186105	136.842	136.842
CRE_56	435	435	155209	356.803	356.803
CRE_57	1638	1638	2.15413e+06	1315.1	1315.1
CRE_58	673	673	124459	184.931	184.931
CRE_59	526	526	184502	350.765	350.765
CRE_60	1484	1484	1.60951e+06	1084.58	1084.58
CRE_61	1209	1209	100704	83.295	83.295
CRE_62	693	693	0	0	0
CRE_63	555	555	18799.9	33.8738	33.8738
CRE_64	806	806	43720.8	54.2442	54.2442
CRE_65	1139	1139	18362.7	16.1218	16.1218
CRE_66	832	832	43866.5	52.7242	52.7242
CRE_67	874	874	58294.6	66.6986	66.6986
CRE_68	928	928	387076	417.108	417.108
CRE_69	907	907	0	0	0
CRE_70	966	966	126645	131.102	131.102
CRE_71	1376	1376	338983	246.354	246.354
CRE_72	565	565	179984	318.557	318.557
CRE_73	357	357	14282.1	40.006	40.006
CRE_74	1131	1131	52756.4	46.6458	46.6458
CRE_75	403	403	2768.98	6.87093	6.87093
CRE_76	1532	1532	25212.3	16.4571	16.4571
CRE_77	1304	1304	38620	29.6166	29.6166
CRE_78	993	993	78406	78.9587	78.9587
CRE_79	1214	1214	0	0	0
CRE_80	989	989	0	0	0
CRE_81	1811	1811	5100.76	2.81654	2.81654
CRE_82	1152	1152	0	0	0
CRE_83	319	319	32644.9	102.335	102.335
CRE_84	1627	1627	0	0	0
CRE_85	1155	1155	0	0	0
CRE_86	714	714	0	0	0
CRE_87	954	954	39348.7	41.246	41.246
CRE_88	1341	1341	66892.9	49.8829	49.8829
CRE_89	667	667	0	0	0
CRE_90	1028	1028	17051.1	16.5867	16.5867
CRE_91	1007	1007	24192.2	24.024	24.024
CRE_92	201	201	25503.8	126.885	126.885
CRE_93	1552	1552	69224.6	44.6035	44.6035
CRE_94	1166	1166	0	0	0
CRE_95	540	540	0	0	0
CRE_96	736	736	0	0	0
CRE_97	1445	1445	93999.7	65.0517	65.0517
CRE_98	961	961	0	0	0
CRE_99	1844	1844	46198.4	25.0534	25.0534
CRE_100	946	946	30167.4	31.8894	31.8894
CRE_101	224	224	0	0	0
CRE_102	300	300	0	0	0
CRE_103	1934	1934	0	0	0
CRE_104	368	368	1311.62	3.5642	3.5642
CRE_105	1519	1519	478598	315.075	315.075
CRE_106	932	932	97643.4	104.768	104.768
CRE_107	856	856	0	0	0
CRE_108	1299	1299	13990.7	10.7703	10.7703
CRE_109	715	715	0	0	0
CRE_110	763	763	158561	207.813	207.813
CRE_111	1287	1287	94728.5	73.6041	73.6041
CRE_112	1291	1291	12096.1	9.36955	9.36955
CRE_113	713	713	201408	282.479	282.479
CRE_114	827	827	0	0	0
CRE_115	217	217	10201.5	47.0116	47.0116
CRE_116	918	918	38183	41.5936	41.5936
CRE_117	1024	1024	16468.2	16.0822	16.0822
CRE_118	728	728	0	0	0
CRE_119	1489	1489	38328.6	25.7411	25.7411
CRE_120	1613	1613	0	0	0
CRE_121	1421	1421	7724.01	5.43561	5.43561
CRE_122	1080	1080	45761.1	42.3714	42.3714
CRE_123	1496	1496	40223.1	26.8871	26.8871
CRE_124	225	225	0	0	0
CRE_125	1027	1027	0	0	0
CRE_126	1783	1783	0	0	0
CRE_127	1823	1823	192226	105.445	105.445
CRE_128	1366	1366	251832	184.358	184.358
CRE_129	1394	1394	124313	89.1771	89.1771
CRE_130	1873	1873	123876	66.1377	66.1377
CRE_131	290	290	0	0	0
CRE_132	232	232	0	0	0
CRE_133	458	458	80300.6	175.329	175.329
CRE_134	1023	1023	142530	139.326	139.326
CRE_135	1275	1275	30167.4	23.6607	23.6607
CRE_136	1309	1309	0	0	0
CRE_137	1661	1661	0	0	0
CRE_138	734	734	80592.1	109.799	109.799
Mb21d2_control	1000	1000	2.86474e+06	2864.74	2864.74
Fgf12_control	1000	1000	1.41656e+06	1416.56	1416.56
Wnt3_control	1000	1000	538060	538.06	538.06
Zic3_promoter	1000	1000	250229	250.229	250.229
Rnf12_promoter	1000	1000	7724.01	7.72401	7.72401
