name	size	covered	sum	mean0	mean 
CRE_1	1023	1023	539563	527.432	527.432
CRE_2	966	966	868154	898.71	898.71
CRE_3	703	703	97582.2	138.808	138.808
CRE_4	1453	1453	53424.9	36.7687	36.7687
CRE_5	928	928	0	0	0
CRE_6	769	769	88587.1	115.198	115.198
CRE_7	1212	1212	30664.8	25.301	25.301
CRE_8	979	979	57241	58.4688	58.4688
CRE_9	806	806	0	0	0
CRE_10	1639	1639	26985	16.4643	16.4643
CRE_11	304	304	0	0	0
CRE_12	740	740	78910.7	106.636	106.636
CRE_13	1078	1078	63919.1	59.2941	59.2941
CRE_14	231	231	0	0	0
CRE_15	1149	1149	3543.49	3.08398	3.08398
CRE_16	243	243	0	0	0
CRE_17	1025	1025	10357.9	10.1053	10.1053
CRE_18	885	885	57513.5	64.987	64.987
CRE_19	59	59	0	0	0
CRE_20	1356	1356	86270.2	63.6211	63.6211
CRE_21	266	266	19898	74.8047	74.8047
CRE_22	1766	1766	200343	113.445	113.445
CRE_23	367	367	0	0	0
CRE_24	1349	1349	91585.5	67.8914	67.8914
CRE_25	1570	1570	90631.5	57.7271	57.7271
CRE_26	1137	1137	114209	100.448	100.448
CRE_27	1130	1130	3543.49	3.13583	3.13583
CRE_28	681	681	56286.9	82.6534	82.6534
CRE_29	1054	1054	0	0	0
CRE_30	1268	1268	153188	120.81	120.81
CRE_31	1838	1838	37206.6	20.243	20.243
CRE_32	825	825	17036	20.6497	20.6497
CRE_33	658	658	130973	199.047	199.047
CRE_34	707	707	118025	166.938	166.938
CRE_35	475	475	10085.3	21.2322	21.2322
CRE_36	1607	1607	51516.9	32.0578	32.0578
CRE_37	874	874	46065.3	52.7063	52.7063
CRE_38	1250	1250	231826	185.461	185.461
CRE_39	1432	1432	23441.5	16.3698	16.3698
CRE_40	368	368	135879	369.236	369.236
CRE_41	766	766	36116.3	47.1492	47.1492
CRE_42	761	761	53833.8	70.7408	70.7408
CRE_43	1781	1781	36116.3	20.2787	20.2787
CRE_44	107	107	1226.59	11.4635	11.4635
CRE_45	1087	1087	33799.4	31.0942	31.0942
CRE_46	1107	1107	39523.5	35.7033	35.7033
CRE_47	514	514	65145.7	126.743	126.743
CRE_48	1430	1430	73731.8	51.5607	51.5607
CRE_49	782	782	150734	192.755	192.755
CRE_50	1162	1162	0	0	0
CRE_51	1364	1364	88178.3	64.6469	64.6469
CRE_52	1378	1378	28893.1	20.9674	20.9674
CRE_53	954	954	47973.4	50.2866	50.2866
CRE_54	453	453	14310.2	31.5899	31.5899
CRE_55	1360	1360	459426	337.813	337.813
CRE_56	435	435	218469	502.228	502.228
CRE_57	1638	1638	2.11737e+06	1292.65	1292.65
CRE_58	673	673	58876.4	87.4835	87.4835
CRE_59	526	526	402322	764.87	764.87
CRE_60	1484	1484	1.68506e+06	1135.49	1135.49
CRE_61	1209	1209	57241	47.3457	47.3457
CRE_62	693	693	0	0	0
CRE_63	555	555	73050.4	131.622	131.622
CRE_64	806	806	52334.6	64.9313	64.9313
CRE_65	1139	1139	47973.4	42.1189	42.1189
CRE_66	832	832	0	0	0
CRE_67	874	874	0	0	0
CRE_68	928	928	523754	564.39	564.39
CRE_69	907	907	53697.5	59.2034	59.2034
CRE_70	966	966	0	0	0
CRE_71	1376	1376	368386	267.722	267.722
CRE_72	565	565	91994.4	162.822	162.822
CRE_73	357	357	58603.8	164.156	164.156
CRE_74	1131	1131	91449.2	80.857	80.857
CRE_75	403	403	71687.5	177.885	177.885
CRE_76	1532	1532	90904.1	59.3369	59.3369
CRE_77	1304	1304	0	0	0
CRE_78	993	993	30664.8	30.881	30.881
CRE_79	1214	1214	0	0	0
CRE_80	989	989	0	0	0
CRE_81	1811	1811	68416.6	37.7783	37.7783
CRE_82	1152	1152	22623.8	19.6387	19.6387
CRE_83	319	319	3816.06	11.9626	11.9626
CRE_84	1627	1627	152234	93.567	93.567
CRE_85	1155	1155	0	0	0
CRE_86	714	714	0	0	0
CRE_87	954	954	68416.6	71.7155	71.7155
CRE_88	1341	1341	0	0	0
CRE_89	667	667	55469.2	83.1622	83.1622
CRE_90	1028	1028	193392	188.125	188.125
CRE_91	1007	1007	0	0	0
CRE_92	201	201	0	0	0
CRE_93	1552	1552	0	0	0
CRE_94	1166	1166	0	0	0
CRE_95	540	540	57377.2	106.254	106.254
CRE_96	736	736	76185	103.512	103.512
CRE_97	1445	1445	39659.8	27.4462	27.4462
CRE_98	961	961	68007.7	70.7676	70.7676
CRE_99	1844	1844	41976.7	22.7639	22.7639
CRE_100	946	946	45247.6	47.8305	47.8305
CRE_101	224	224	15536.8	69.3609	69.3609
CRE_102	300	300	0	0	0
CRE_103	1934	1934	46337.9	23.9596	23.9596
CRE_104	368	368	36661.5	99.6236	99.6236
CRE_105	1519	1519	151280	99.5915	99.5915
CRE_106	932	932	14310.2	15.3543	15.3543
CRE_107	856	856	0	0	0
CRE_108	1299	1299	0	0	0
CRE_109	715	715	0	0	0
CRE_110	763	763	266715	349.561	349.561
CRE_111	1287	1287	71278.6	55.3835	55.3835
CRE_112	1291	1291	93902.4	72.7362	72.7362
CRE_113	713	713	197072	276.399	276.399
CRE_114	827	827	103306	124.917	124.917
CRE_115	217	217	47291.9	217.935	217.935
CRE_116	918	918	0	0	0
CRE_117	1024	1024	0	0	0
CRE_118	728	728	115572	158.753	158.753
CRE_119	1489	1489	76866.4	51.6229	51.6229
CRE_120	1613	1613	29438.2	18.2506	18.2506
CRE_121	1421	1421	137923	97.0608	97.0608
CRE_122	1080	1080	0	0	0
CRE_123	1496	1496	191893	128.271	128.271
CRE_124	225	225	0	0	0
CRE_125	1027	1027	39114.7	38.0863	38.0863
CRE_126	1783	1783	0	0	0
CRE_127	1823	1823	257312	141.147	141.147
CRE_128	1366	1366	259220	189.765	189.765
CRE_129	1394	1394	115300	82.7113	82.7113
CRE_130	1873	1873	265625	141.818	141.818
CRE_131	290	290	0	0	0
CRE_132	232	232	46610.5	200.907	200.907
CRE_133	458	458	51380.6	112.185	112.185
CRE_134	1023	1023	156186	152.674	152.674
CRE_135	1275	1275	62419.9	48.9568	48.9568
CRE_136	1309	1309	85043.7	64.9685	64.9685
CRE_137	1661	1661	164227	98.8722	98.8722
CRE_138	734	734	56286.9	76.6852	76.6852
Mb21d2_control	1000	1000	2.24534e+06	2245.34	2245.34
Fgf12_control	1000	1000	1.83553e+06	1835.53	1835.53
Wnt3_control	1000	1000	541880	541.88	541.88
Zic3_promoter	1000	1000	95401.6	95.4016	95.4016
Rnf12_promoter	1000	1000	11584.5	11.5845	11.5845
